90 90
4800 256
153 153 153 153 153 153 153 153 153 153 153 153 153 153 153 153 153 153 153 153 153 153 153 153 153 153 153 153 153 153 153 153 153 153 153 153 153 153 153 153 153 153 153 153 153 153 153 153 153 153 153 153 153 153 153 153 153 153 153 153 153 153 153 153 153 153 153 153 153 153 153 153 153 153 153 050 050 153 153 153 153 153 153 153 153 153 153 153 153 153
153 153 153 153 153 153 153 153 153 153 153 153 153 153 153 153 153 153 153 153 153 153 153 153 153 153 153 153 153 153 153 153 153 153 153 153 153 153 153 153 153 153 153 153 153 153 153 153 153 153 153 153 153 153 153 153 153 153 153 153 153 153 153 153 153 153 153 153 153 153 153 153 051 051 051 050 050 051 051 051 153 153 153 153 153 153 153 153 153 153
153 153 153 153 153 153 153 153 153 153 153 153 153 153 153 153 153 153 153 153 153 153 153 153 153 153 153 153 153 153 153 153 153 153 153 153 153 153 153 153 153 153 153 153 153 153 153 153 153 153 153 153 153 153 153 153 153 153 153 153 153 153 153 153 153 153 153 153 153 153 153 153 051 050 050 050 050 050 050 051 153 153 153 153 153 153 153 153 153 153
153 153 153 153 153 153 153 153 153 153 153 153 153 153 153 153 153 153 153 153 153 153 153 153 153 153 153 153 153 153 153 153 153 153 153 051 051 051 153 153 153 153 153 153 153 153 153 153 153 153 153 153 153 153 153 153 153 153 153 153 153 153 153 153 153 153 153 153 153 153 153 153 051 050 050 050 050 050 050 051 153 153 153 153 153 153 153 153 153 153
153 153 153 153 153 153 153 153 153 153 153 153 153 153 153 153 153 153 153 153 153 153 153 153 153 153 153 153 153 153 153 153 153 153 153 051 050 051 153 153 153 153 153 153 153 153 153 153 153 051 051 051 051 051 051 051 051 051 153 153 153 153 153 153 153 153 153 153 153 153 153 153 051 050 050 050 050 050 050 051 153 153 153 153 153 153 153 153 153 153
153 153 051 051 051 051 051 051 051 051 051 051 051 051 153 153 153 153 153 153 153 153 153 153 153 153 153 153 153 153 153 153 153 153 153 051 050 051 153 153 153 153 153 153 153 153 153 153 153 051 050 050 050 050 050 050 050 051 153 153 153 153 153 153 153 153 153 153 153 153 153 153 051 050 050 050 050 050 050 051 153 153 153 153 153 153 153 153 153 153
153 153 051 050 050 050 050 050 050 050 050 050 050 051 153 153 153 153 153 153 153 051 051 051 051 051 051 051 051 051 153 153 153 153 153 051 050 051 153 153 153 153 153 153 153 153 153 153 153 051 050 050 050 050 050 050 050 051 153 153 153 153 153 153 153 153 153 153 153 153 153 153 051 050 050 050 050 050 050 051 153 153 153 153 153 153 153 153 153 153
153 153 051 050 050 050 050 050 050 050 050 050 050 051 153 153 153 153 153 153 153 051 050 050 050 050 050 050 050 051 153 153 153 153 153 051 050 051 153 153 153 153 153 051 051 051 051 051 051 051 050 050 050 050 050 050 050 051 051 051 051 051 153 153 153 153 153 153 153 153 153 153 051 051 051 050 050 051 051 051 153 153 153 153 153 153 153 153 153 153
153 153 051 050 050 051 051 051 051 051 051 050 050 051 153 153 153 153 153 153 153 051 050 050 050 050 050 050 050 051 153 153 153 153 153 051 050 051 153 153 153 153 153 051 050 050 050 050 050 050 050 050 050 050 050 050 050 050 050 050 050 051 153 153 153 153 153 153 153 153 153 153 153 153 051 050 050 051 153 153 153 153 153 153 153 153 153 153 153 153
153 153 051 050 050 051 153 153 153 153 051 050 050 051 153 153 153 153 153 153 153 051 050 050 050 050 050 050 050 051 051 051 051 051 051 051 050 051 051 051 051 153 153 051 050 050 050 050 050 050 050 050 050 050 050 050 050 050 050 050 050 051 153 153 153 153 153 153 153 153 153 153 153 153 051 050 050 051 153 153 153 153 153 153 153 153 153 153 153 153
153 153 051 050 050 051 153 153 153 153 051 050 050 051 153 153 153 153 153 153 153 051 050 050 050 050 050 050 050 050 050 050 050 050 050 050 050 050 050 050 051 153 153 051 050 050 051 051 051 051 050 050 050 050 050 050 050 051 051 050 050 051 051 051 051 051 051 051 051 051 153 153 153 153 051 050 050 051 051 051 051 051 051 051 153 153 153 153 153 153
153 153 051 050 050 051 153 153 153 153 051 050 050 051 153 153 153 153 153 153 153 051 050 050 050 050 050 050 050 050 050 050 050 050 050 050 050 050 050 050 051 153 153 051 050 050 051 153 153 051 050 050 050 050 050 050 050 051 051 050 050 050 050 050 050 050 050 050 050 051 153 153 153 153 051 050 050 050 050 050 050 050 050 051 153 153 153 153 153 153
153 153 051 050 050 051 153 153 051 051 051 050 050 051 051 051 153 153 153 153 153 051 050 050 050 050 050 050 050 051 051 051 051 051 051 051 051 051 050 050 051 153 153 051 051 051 051 153 153 051 050 050 050 050 050 050 050 051 051 050 050 050 050 050 050 050 050 050 050 051 153 153 153 153 051 050 050 050 050 050 050 050 050 051 153 153 153 153 153 153
153 153 051 050 050 051 153 153 051 050 050 050 050 050 050 051 153 153 153 153 153 051 050 050 050 050 050 050 050 051 153 153 153 153 153 153 153 051 050 050 051 153 153 051 050 050 051 153 153 051 051 051 051 051 051 051 051 051 051 051 051 051 051 051 051 051 051 050 050 051 153 153 153 153 051 050 050 051 051 051 051 051 051 051 153 153 153 153 153 153
153 153 051 050 050 051 051 051 051 050 050 050 050 050 050 051 153 153 153 153 153 051 050 050 050 050 050 050 050 051 153 153 153 153 153 153 153 051 050 050 051 051 051 051 050 050 051 153 153 153 153 153 153 153 153 153 153 153 153 153 153 153 153 153 153 153 051 050 050 051 153 153 153 153 051 050 050 051 153 153 153 153 153 153 153 153 153 153 153 153
153 153 051 050 050 050 050 050 050 050 050 050 050 050 050 051 153 153 153 153 153 051 051 051 050 050 051 051 051 051 153 153 153 153 153 153 153 051 050 050 050 050 050 050 050 050 051 153 153 153 153 153 153 153 153 153 153 153 153 153 153 153 153 153 153 153 051 050 050 051 051 051 051 051 051 050 050 051 153 153 153 153 153 153 153 153 153 153 153 153
153 153 051 050 050 050 050 050 050 050 050 050 050 050 050 051 153 153 153 153 153 153 153 051 050 050 051 153 153 153 153 153 153 153 153 153 153 051 050 050 050 050 050 050 050 050 051 153 153 153 153 153 153 153 153 153 153 153 153 153 153 153 153 153 153 153 051 050 050 050 050 050 050 050 050 050 050 051 153 153 153 153 153 153 153 153 153 153 153 153
153 153 051 051 051 051 051 051 051 050 050 050 050 050 050 051 153 153 153 153 153 153 153 051 050 050 051 153 153 153 153 153 153 153 153 153 153 051 050 050 051 051 051 051 051 051 051 153 153 153 153 153 153 153 153 153 153 153 153 153 153 153 153 153 153 153 051 050 050 050 050 050 050 050 050 050 050 051 153 153 153 153 153 153 153 153 153 153 153 153
153 153 153 153 153 153 153 153 051 050 050 050 050 050 050 051 153 153 153 153 153 153 153 051 050 050 051 153 153 153 153 153 153 153 153 153 153 051 050 050 051 153 153 153 153 153 153 153 153 153 153 153 153 153 153 153 153 153 153 153 153 153 153 153 153 153 051 051 051 051 051 050 050 051 051 051 051 051 153 153 153 153 153 153 153 153 153 153 153 153
153 153 153 153 153 153 153 153 051 050 050 050 050 050 050 051 153 153 153 153 153 153 153 051 050 050 051 153 051 051 051 051 051 051 051 051 153 051 050 050 051 153 153 153 153 153 153 153 153 153 051 051 051 051 051 051 051 051 051 153 153 153 153 153 153 153 153 153 153 153 051 050 050 051 153 153 153 153 153 153 153 153 153 153 153 153 153 153 153 153
153 153 153 153 153 153 153 153 051 050 050 050 050 050 050 051 153 153 153 153 153 153 153 051 050 050 153 153 051 050 051 050 050 050 050 051 153 051 050 050 051 153 153 153 153 153 153 153 153 153 051 050 050 050 050 050 050 050 051 153 153 153 153 153 153 153 153 153 153 153 051 050 050 051 153 153 153 153 153 153 153 153 153 153 153 153 153 153 153 153
153 153 153 153 153 153 153 153 051 050 050 050 050 050 050 051 153 153 153 153 153 153 153 051 050 050 051 051 051 050 050 050 050 050 050 051 153 051 050 050 051 153 153 153 153 153 153 153 153 153 051 050 050 050 050 050 050 050 051 153 153 153 153 153 153 153 051 051 051 051 051 050 050 051 153 153 153 153 153 153 153 153 153 153 153 153 153 153 153 153
153 153 153 153 153 153 153 153 051 051 051 050 050 051 051 051 153 153 153 153 153 153 153 051 050 050 050 050 050 050 051 050 050 050 050 051 153 051 050 050 051 153 153 153 153 153 153 153 153 153 051 050 050 050 050 050 050 050 051 153 153 153 153 153 153 153 051 050 050 050 050 050 050 051 153 153 153 153 153 153 153 153 153 153 153 153 153 153 153 153
153 153 153 153 153 153 153 153 153 153 051 050 050 051 153 153 153 153 153 153 153 153 153 051 050 050 050 050 050 050 050 051 051 051 051 051 153 051 050 050 051 153 153 153 153 153 153 153 153 153 051 051 051 051 051 051 050 050 051 153 153 153 153 153 153 153 051 050 050 050 050 050 050 051 153 153 153 153 153 153 153 153 153 153 153 153 153 153 153 153
153 153 153 153 153 153 153 153 153 153 051 050 050 051 153 153 153 153 153 153 153 153 153 051 050 050 051 051 051 051 051 153 153 153 153 153 153 051 050 050 051 153 153 153 153 153 153 153 153 153 153 153 153 153 153 051 050 050 051 153 153 153 153 153 153 153 051 050 050 051 051 051 051 051 153 153 153 153 153 153 153 153 153 153 153 153 153 153 153 153
153 153 153 153 153 153 153 153 153 153 051 050 050 051 051 051 051 051 051 051 051 051 051 051 050 050 051 153 153 153 153 153 153 153 153 153 153 051 050 050 051 153 153 153 153 153 153 153 153 153 153 153 153 153 153 051 050 050 051 153 153 153 153 153 153 153 051 050 050 051 153 153 153 153 153 153 153 153 051 051 051 051 051 051 051 051 051 051 153 153
153 153 153 153 153 153 153 153 153 153 051 050 050 050 050 050 050 050 050 050 050 050 050 050 050 050 051 153 153 153 153 153 153 153 153 153 153 051 050 050 051 153 153 153 153 153 153 051 051 051 051 051 051 051 051 051 050 050 051 051 051 051 051 051 051 051 051 050 050 051 051 051 051 051 051 153 153 153 051 050 051 050 051 050 050 050 050 051 153 153
153 153 153 153 153 153 153 153 153 153 051 050 050 050 050 050 050 050 050 050 050 050 050 050 050 050 051 153 153 153 153 153 153 153 153 153 153 051 050 050 051 153 153 153 153 153 153 051 050 050 050 050 050 050 050 050 050 050 050 050 050 050 050 050 050 050 050 050 050 050 050 050 050 050 051 153 153 153 051 050 051 050 050 050 050 050 050 051 153 153
153 153 153 153 153 153 153 153 153 153 051 051 051 051 051 051 051 051 051 051 051 051 051 051 050 050 051 153 153 153 153 153 153 153 153 153 153 051 050 050 051 153 153 153 153 153 153 051 050 050 050 050 050 050 050 050 050 050 050 050 050 050 050 050 050 050 050 050 050 050 050 050 050 050 051 153 153 153 051 050 050 050 051 051 051 051 051 051 153 153 
153 153 153 153 153 153 153 153 153 153 153 153 153 153 153 153 153 153 153 153 153 153 153 051 050 050 051 153 153 153 153 153 153 153 153 153 153 051 050 050 051 051 051 051 051 051 051 051 050 050 050 050 050 050 050 050 050 050 050 050 050 050 050 050 050 050 050 050 050 050 050 050 050 050 051 153 153 153 051 050 051 050 051 051 051 051 051 051 153 153
153 153 153 153 153 153 153 153 153 153 153 153 153 153 153 153 153 153 153 153 153 153 153 051 051 051 051 153 153 153 153 153 153 153 153 153 153 051 050 050 050 050 050 050 050 050 050 050 050 050 050 050 050 050 050 050 050 050 050 050 050 050 050 050 050 050 050 050 050 050 050 050 050 050 051 153 153 153 051 050 051 050 051 050 050 050 050 051 153 153
153 153 153 153 153 153 153 153 153 153 153 153 153 153 153 153 153 153 153 153 153 153 153 153 153 153 153 153 153 153 153 153 153 153 153 153 153 051 050 050 050 050 050 050 050 050 050 050 050 050 050 050 050 050 050 050 050 050 050 050 050 050 050 050 050 050 050 050 050 050 050 050 050 050 051 153 153 153 051 050 051 050 050 050 050 050 050 051 153 153
153 153 153 153 153 153 153 153 153 153 153 153 153 153 153 153 153 153 153 153 153 153 153 153 153 153 153 153 153 153 153 153 153 153 153 153 153 051 051 051 051 051 051 051 051 051 051 051 050 050 050 050 050 050 050 050 050 050 050 050 050 050 050 050 050 050 050 050 050 050 050 050 050 050 051 153 153 153 051 050 051 051 051 051 051 051 051 051 153 153
153 153 153 153 153 153 153 153 153 153 153 153 153 153 153 051 051 051 051 051 051 051 051 153 153 153 153 153 153 153 153 153 153 153 153 153 153 153 153 153 153 153 153 153 153 153 153 051 050 050 050 050 050 050 050 050 050 050 050 050 050 050 050 050 050 050 050 050 050 050 050 050 050 050 051 153 153 153 051 050 050 050 050 051 153 153 153 153 153 153
153 153 051 051 051 051 051 051 051 051 153 153 153 153 153 051 050 050 050 050 050 050 051 153 153 153 153 153 153 153 153 153 153 153 153 153 153 153 153 153 153 153 153 153 153 153 153 051 050 050 050 050 050 050 050 050 050 050 050 050 050 050 050 050 050 050 050 050 050 050 050 050 050 050 051 153 153 153 051 051 051 050 050 051 153 153 153 153 153 153
153 153 051 050 050 050 050 050 050 051 153 153 153 153 153 051 050 050 050 050 050 050 051 153 153 153 153 153 153 153 153 153 153 153 153 153 153 153 153 153 153 153 153 153 153 153 153 051 050 050 050 050 050 050 050 050 050 050 050 050 050 050 050 050 050 050 050 050 050 050 050 050 050 050 051 153 153 153 153 153 051 050 050 051 153 153 153 153 153 153
153 153 051 050 050 050 050 050 050 051 153 153 153 153 153 051 050 050 051 051 050 050 051 153 153 153 153 153 153 153 153 153 153 153 153 153 153 153 153 153 153 153 153 153 153 153 153 051 050 050 050 050 050 050 050 050 050 050 050 050 050 050 050 050 050 050 050 050 050 050 050 050 050 050 051 153 153 153 153 153 051 050 050 051 153 153 153 153 153 153
153 153 051 050 050 051 051 050 050 051 153 153 153 153 153 051 050 050 051 051 050 050 051 153 153 153 153 153 153 153 153 153 153 153 153 153 153 153 153 153 153 153 153 153 153 153 153 051 050 050 050 050 050 050 050 050 050 050 050 050 050 050 050 050 050 050 050 050 050 050 050 050 050 050 051 153 153 153 153 153 051 050 050 051 153 153 153 153 153 153
153 153 051 050 050 051 051 050 050 051 153 153 153 153 153 051 050 050 051 051 050 050 051 051 051 051 051 051 051 051 153 153 153 153 153 153 153 153 153 153 153 153 153 153 153 153 153 051 050 050 050 050 050 050 050 050 050 050 050 050 050 050 050 050 050 050 050 050 050 050 050 050 050 050 051 153 153 153 153 153 051 050 050 051 153 153 153 153 153 153
153 153 051 050 050 051 051 050 050 051 153 153 153 153 153 051 050 050 051 051 050 050 051 050 050 050 050 050 050 051 153 153 153 153 153 153 153 153 153 153 153 153 153 153 153 153 153 051 050 050 050 050 050 050 050 050 050 050 050 050 050 050 050 050 050 050 050 050 050 050 050 050 050 050 051 153 153 153 153 153 051 050 050 051 153 153 153 153 153 153 
153 153 051 050 050 051 051 050 050 051 153 153 153 153 153 051 050 050 051 051 050 050 051 050 050 050 050 050 050 051 153 153 153 153 153 153 153 153 153 153 153 153 153 153 153 153 153 051 050 050 050 050 050 050 050 050 050 050 050 050 050 050 050 050 050 050 050 050 050 050 050 050 050 050 051 153 153 153 153 153 051 050 050 051 153 153 153 153 153 153
153 153 051 050 050 051 051 050 050 051 153 153 153 153 153 051 050 050 050 050 050 050 050 050 050 051 051 050 050 051 153 153 153 153 153 153 153 153 153 153 153 153 153 153 153 153 153 051 050 050 050 050 050 050 050 050 050 050 050 050 050 050 050 050 050 050 050 050 050 050 050 050 050 050 051 153 153 153 153 153 051 050 050 051 153 153 153 153 153 153
153 153 051 050 050 051 051 050 050 051 153 153 153 153 153 051 050 050 050 050 050 050 050 050 050 051 051 050 050 051 051 051 051 051 051 153 153 153 153 153 153 153 153 153 153 153 153 051 050 050 050 050 050 050 050 050 050 050 050 050 050 050 050 050 050 050 050 050 050 050 050 050 050 050 051 153 153 153 153 153 051 050 050 051 153 153 153 153 153 153
153 153 051 051 051 051 051 050 050 051 153 153 153 153 153 051 051 051 051 051 051 051 051 050 050 051 051 050 050 050 050 050 050 050 051 153 153 153 153 153 153 153 153 153 153 153 153 051 050 050 050 050 050 050 050 050 050 050 050 050 050 050 050 050 050 050 050 050 050 050 050 050 050 050 051 051 051 051 051 051 051 050 050 051 153 153 153 153 153 153
153 153 153 153 153 153 051 050 050 051 153 153 153 153 153 153 153 153 153 153 153 153 051 050 050 051 051 050 050 050 050 050 050 050 051 153 153 153 153 153 153 153 153 153 153 153 153 051 050 050 050 050 050 050 050 050 050 050 050 050 050 050 050 050 050 050 050 050 050 050 050 050 050 050 050 050 050 050 050 050 050 050 050 051 153 153 153 153 153 153
153 153 153 153 153 153 051 050 050 051 153 153 153 153 153 153 153 153 153 153 153 153 051 050 050 051 051 051 051 051 051 051 050 050 051 153 153 153 153 153 153 153 153 153 153 153 153 051 050 050 050 050 050 050 050 050 050 050 050 050 050 050 050 050 050 050 050 050 050 050 050 050 050 050 050 050 050 050 050 050 050 050 050 051 153 153 153 153 153 153
153 153 153 153 153 153 051 050 050 051 153 153 153 153 153 153 153 153 153 153 153 153 051 050 050 051 153 153 153 153 153 051 050 050 051 153 153 153 153 153 153 153 153 153 153 153 153 051 050 050 050 050 050 050 050 050 050 050 050 050 050 050 050 050 050 050 050 050 050 050 050 050 050 050 051 051 051 051 051 051 051 051 051 051 153 153 153 153 153 153
153 153 153 153 051 051 051 050 050 051 051 051 153 153 153 153 153 153 153 153 153 153 051 050 050 051 153 153 153 153 153 051 050 050 051 153 153 153 153 153 153 153 153 153 153 153 153 051 050 050 050 050 050 050 050 050 050 050 050 050 050 050 050 050 050 050 050 050 050 050 050 050 050 050 051 153 153 153 153 153 153 153 153 153 153 153 153 153 153 153
153 153 153 153 051 050 050 050 050 050 050 051 153 153 153 153 153 153 153 051 051 051 051 050 050 051 051 153 153 153 153 051 050 050 051 153 153 153 153 153 153 153 153 153 153 153 153 051 050 050 050 050 050 050 050 050 050 050 050 050 050 050 050 050 050 050 050 050 050 050 050 050 050 050 051 153 153 153 153 153 153 153 153 153 153 153 153 153 153 153
153 153 153 153 051 050 050 050 050 050 050 051 153 153 153 153 153 153 153 051 050 050 050 050 050 050 051 153 153 153 153 051 050 050 051 051 051 051 051 051 051 051 153 153 153 153 153 051 050 050 050 050 050 050 050 050 050 050 050 050 050 050 050 050 050 050 050 050 050 050 050 050 050 050 051 153 153 153 153 051 051 051 051 051 051 051 051 051 153 153
153 153 153 153 051 050 050 050 050 050 050 051 153 153 153 153 153 153 153 051 050 050 050 050 050 050 051 153 153 153 153 051 050 050 050 050 050 050 050 050 050 051 153 153 153 153 153 051 050 050 050 050 050 050 050 050 050 050 050 050 050 050 050 050 050 050 050 050 050 050 050 050 050 050 051 153 153 153 153 051 050 050 050 050 050 050 050 051 153 153
153 153 153 153 051 050 050 050 050 050 050 051 051 051 051 051 051 051 051 051 050 050 050 050 050 050 051 153 153 153 153 051 050 050 050 050 050 050 050 050 050 051 153 153 153 153 153 051 051 051 051 051 051 050 050 051 051 051 051 051 051 051 051 051 051 051 050 050 051 051 051 051 051 051 051 153 153 153 153 051 050 050 050 050 050 050 050 051 153 153
153 153 153 153 051 050 050 050 050 050 050 050 050 050 050 050 050 050 050 050 050 050 050 050 050 050 051 153 153 153 153 051 051 051 051 051 051 051 051 050 050 051 153 153 153 153 153 153 153 153 153 153 051 050 050 051 153 153 153 153 153 153 153 153 153 051 050 050 051 153 153 153 153 153 153 153 153 153 153 051 050 050 050 050 050 050 050 051 153 153
153 153 153 153 051 050 050 050 050 050 050 050 050 050 050 050 050 050 050 050 050 050 050 050 050 050 051 153 153 153 153 051 051 051 051 051 051 051 051 050 050 051 153 153 153 153 153 153 153 153 153 153 051 050 050 051 153 153 153 153 153 153 153 153 153 051 050 050 051 153 153 153 153 153 153 153 153 153 153 051 050 050 050 050 050 050 050 051 153 153
153 153 153 153 051 050 050 050 050 050 050 050 050 050 050 050 050 050 050 050 050 050 050 050 050 050 051 153 153 153 153 153 153 153 153 153 153 153 051 050 050 051 153 153 153 153 153 153 153 153 153 153 051 050 050 051 153 153 153 153 153 153 153 153 153 051 050 050 051 153 153 153 153 153 153 153 153 153 153 051 050 050 050 050 050 050 050 051 153 153
153 153 153 153 051 050 050 050 050 050 050 051 051 051 050 050 051 051 051 051 050 050 050 050 050 050 051 153 153 153 153 153 153 153 153 153 153 153 051 050 050 051 153 153 153 153 153 153 153 153 153 153 051 050 050 051 153 153 153 153 153 153 153 153 153 051 050 050 051 153 153 153 153 153 153 153 153 153 153 051 050 050 050 050 050 050 050 051 153 153
153 153 153 153 051 050 050 050 050 050 050 051 153 051 050 050 051 153 153 051 050 050 050 050 050 050 051 153 153 153 153 153 153 153 153 153 153 153 051 050 050 051 153 153 153 153 153 153 153 153 153 153 051 050 050 051 153 153 153 153 153 153 153 153 153 051 050 050 051 153 153 153 153 153 153 153 153 153 153 051 050 050 050 050 050 050 050 051 153 153
153 153 153 153 051 050 050 050 050 050 050 051 153 051 050 050 051 153 153 051 050 050 050 050 050 050 051 153 153 153 153 153 153 153 153 153 153 153 051 050 050 051 153 153 153 153 153 153 153 153 153 153 051 050 050 051 153 153 153 153 153 153 153 153 153 051 050 050 051 153 153 153 153 153 153 153 153 153 153 051 050 050 050 050 050 050 050 051 153 153
153 153 153 153 051 050 050 050 050 050 050 051 153 051 050 050 051 153 153 051 050 050 050 050 050 050 051 153 153 153 153 153 153 153 153 051 051 051 051 050 050 051 051 051 051 153 153 153 153 153 153 153 051 050 050 051 153 153 153 153 153 153 153 153 153 051 050 050 051 153 153 153 153 153 153 153 153 153 153 051 050 050 050 050 050 050 050 051 153 153
153 153 153 153 051 051 051 051 051 051 051 051 153 051 050 050 051 153 153 051 051 051 050 050 051 051 051 153 153 153 153 153 153 153 153 051 050 050 050 050 050 050 050 050 051 153 153 153 153 153 153 153 051 050 050 051 153 153 153 153 153 153 153 153 153 051 050 050 051 153 153 153 153 153 153 153 153 153 153 051 050 050 050 050 050 050 050 051 153 153
153 153 153 153 153 153 153 153 153 153 153 153 153 051 050 050 051 153 153 153 153 051 050 050 051 153 153 153 153 153 153 153 153 153 153 051 050 050 050 050 050 050 050 050 051 153 153 153 153 153 153 153 051 050 050 051 153 153 153 153 153 153 153 153 153 051 050 050 051 051 051 051 051 051 051 051 051 051 153 051 051 051 050 050 050 051 051 051 153 153
153 153 153 153 153 153 153 153 153 153 051 051 051 051 050 050 051 153 153 153 153 051 050 050 051 153 153 153 153 153 153 153 153 153 153 051 050 050 050 050 050 050 050 050 051 051 051 051 051 051 051 051 051 050 050 051 153 153 153 153 153 153 153 153 153 051 050 050 050 050 050 050 050 050 050 050 050 051 153 051 050 050 050 050 050 051 153 153 153 153
153 153 153 153 153 153 153 153 153 153 051 050 050 050 050 050 051 153 153 153 153 051 050 050 051 153 153 153 153 153 153 153 153 153 153 051 050 050 050 050 050 050 050 050 050 050 050 050 050 050 050 050 050 050 050 051 153 153 153 153 153 153 153 153 153 051 050 050 050 050 050 050 050 050 050 050 050 051 153 051 050 050 050 050 050 051 153 153 153 153
153 153 153 153 153 153 153 153 153 153 051 050 050 050 050 050 051 153 153 153 153 051 050 050 051 153 153 153 153 153 153 153 153 153 153 051 050 050 050 050 050 050 050 050 050 050 050 050 050 050 050 050 050 050 050 051 153 153 153 153 153 153 153 153 153 051 051 051 051 051 051 051 051 051 051 050 050 051 153 051 050 050 051 051 051 051 153 153 153 153
153 051 051 051 051 051 051 051 153 153 051 050 051 051 051 051 051 153 153 153 153 051 050 050 051 153 153 153 153 153 153 153 153 153 153 051 050 050 050 050 050 050 050 050 051 051 051 051 051 051 050 051 051 051 051 051 153 153 153 153 153 153 153 153 153 153 153 153 153 153 153 153 153 153 051 050 050 051 153 051 050 050 051 153 153 153 153 153 153 153
153 051 050 050 050 050 050 051 051 051 051 050 051 153 153 153 153 153 153 153 153 051 050 050 051 153 153 153 153 153 153 153 153 153 153 051 050 050 050 050 050 050 050 050 051 153 153 153 153 051 050 051 153 153 153 153 153 153 153 153 153 153 153 153 153 153 153 153 153 153 153 153 153 153 051 050 050 051 153 051 050 050 051 153 153 153 153 153 153 153
153 051 050 050 050 050 050 050 050 050 050 050 051 153 153 153 153 153 153 153 153 051 050 050 051 153 153 153 153 153 153 153 153 153 153 051 050 050 050 050 050 050 050 050 051 153 153 153 153 051 050 051 153 153 153 153 153 153 153 153 153 153 153 051 051 051 051 051 051 051 051 153 153 153 051 050 050 051 153 051 050 050 051 153 153 153 153 153 153 153
153 051 050 050 050 050 050 050 050 050 050 050 051 153 051 051 051 051 051 051 051 051 050 050 051 153 153 153 153 153 153 153 153 153 153 051 051 051 050 050 051 051 051 051 051 153 153 153 153 051 050 051 153 153 153 153 153 153 153 153 153 153 153 051 050 050 050 050 050 050 051 153 153 153 051 050 050 051 153 051 050 050 051 051 051 051 051 051 153 153
153 051 050 050 050 050 050 051 051 051 051 051 051 153 051 050 050 050 050 050 050 050 050 050 051 153 153 153 153 153 153 153 153 153 153 153 153 051 050 050 051 153 153 153 153 153 153 153 153 051 050 051 153 153 153 153 153 153 153 153 153 153 153 051 050 050 050 050 050 050 051 153 153 153 051 050 050 051 153 051 050 050 050 050 050 050 050 051 153 153
153 051 051 051 051 051 051 051 153 153 153 153 153 153 051 050 050 050 050 050 050 050 050 050 051 153 153 153 153 153 153 153 153 153 153 153 153 051 050 050 051 153 153 153 153 153 153 153 153 051 051 051 153 153 153 153 153 153 153 153 153 153 153 051 050 050 051 051 050 050 051 051 051 051 051 050 050 051 153 051 050 050 050 050 050 050 050 051 153 153
153 153 153 153 153 153 153 153 153 153 153 153 153 153 051 050 050 051 051 051 051 051 051 051 051 153 153 153 153 153 153 153 153 153 153 153 153 051 050 050 051 153 153 153 153 153 153 153 153 153 153 153 153 153 153 153 153 153 153 153 153 153 153 051 050 050 051 051 050 050 050 050 050 050 050 050 050 051 153 051 050 050 051 051 050 050 050 051 153 153
153 153 153 153 153 153 153 153 153 153 153 153 153 153 051 050 050 051 153 153 153 153 153 153 153 153 153 153 153 153 153 051 051 051 051 051 051 051 050 050 051 051 051 051 051 051 051 153 153 153 153 153 153 153 153 153 153 153 153 153 153 153 153 051 050 050 051 051 050 050 050 050 050 050 050 050 050 051 153 051 050 050 051 051 050 050 050 051 153 153
153 153 153 153 153 153 153 153 153 153 153 153 153 153 051 050 050 051 153 153 153 153 153 153 153 153 153 153 153 153 153 051 050 050 050 050 050 050 050 050 050 050 050 050 050 050 051 153 153 153 153 153 153 153 153 153 153 153 153 153 153 153 153 051 050 050 051 051 051 051 051 051 051 051 051 051 051 051 153 051 050 050 051 051 050 050 050 051 153 153
153 153 153 153 153 153 153 153 153 153 153 153 153 153 051 050 050 051 153 153 153 153 153 153 153 153 153 153 153 153 153 051 050 050 050 050 050 050 050 050 050 050 050 050 050 050 051 153 153 153 153 153 153 153 153 153 153 153 153 153 153 153 153 051 050 050 051 153 153 153 153 153 153 153 153 153 153 153 153 051 050 050 051 051 050 050 050 051 153 153
153 153 153 153 153 153 153 153 153 153 153 153 153 153 051 050 050 051 153 153 153 153 153 153 153 153 153 153 153 153 153 051 050 050 051 051 051 051 051 051 051 051 051 051 050 050 051 153 153 153 153 153 153 153 153 153 153 153 153 153 051 051 051 051 050 050 051 051 051 051 153 153 153 153 153 153 153 153 153 051 050 050 051 051 050 050 050 051 153 153
153 153 153 153 153 153 153 153 153 153 153 153 153 153 051 050 050 051 153 153 153 153 153 153 153 153 153 153 153 153 051 051 050 050 051 051 153 153 153 153 153 153 153 051 050 050 051 153 153 153 153 153 153 153 153 153 153 153 153 153 051 050 050 050 050 050 050 050 050 051 153 153 153 153 153 153 153 153 153 051 050 050 051 051 050 050 050 051 153 153
153 153 153 153 153 153 153 153 153 153 153 153 153 153 051 050 050 051 153 153 153 153 153 153 153 153 153 153 153 153 051 050 050 050 050 051 153 153 153 153 153 153 153 051 050 050 051 153 153 153 153 153 153 153 153 153 153 153 153 153 051 050 050 050 050 050 050 050 050 051 153 153 153 153 153 153 153 153 153 051 050 050 051 051 050 050 050 051 153 153
153 153 153 153 153 153 153 153 153 153 153 153 051 051 051 050 050 051 051 051 153 153 153 153 153 153 153 153 153 153 051 050 050 050 050 051 153 153 153 153 153 153 153 051 050 050 051 153 153 153 153 153 153 153 153 153 153 153 153 153 051 050 050 050 050 050 050 050 050 051 051 051 051 051 051 051 051 051 051 051 050 050 051 051 051 051 051 051 153 153
153 153 153 153 153 153 153 153 153 153 153 153 051 050 050 050 050 050 050 051 153 153 153 153 153 153 153 153 153 153 051 050 050 050 050 051 153 153 153 153 153 153 153 051 050 050 051 153 153 153 153 153 153 153 153 153 153 153 153 153 051 050 050 050 050 050 050 050 050 050 050 050 050 050 050 050 050 050 050 050 050 050 051 153 153 153 153 153 153 153
153 153 153 153 153 153 153 051 051 051 051 051 051 050 050 050 050 050 050 051 051 051 051 051 051 153 153 153 153 153 051 050 050 050 050 051 153 153 153 153 153 153 153 051 050 050 051 153 153 153 153 153 153 153 153 153 153 153 153 153 051 050 050 050 050 050 050 050 050 050 050 050 050 050 050 050 050 050 050 050 050 050 051 153 153 153 153 153 153 153
153 153 153 153 153 153 153 051 050 050 050 050 050 050 050 050 050 050 050 050 050 050 050 050 051 153 153 153 153 153 051 050 050 050 050 051 153 153 153 153 153 153 153 051 050 050 051 153 153 153 153 153 153 153 153 153 153 153 153 153 051 050 050 050 050 050 050 050 050 051 051 051 051 051 051 051 051 051 051 051 051 051 051 153 153 153 153 153 153 153
153 153 153 153 153 153 153 051 050 050 050 050 050 050 050 050 050 050 050 050 050 050 050 050 051 153 153 153 153 153 051 050 050 050 050 051 153 153 153 153 153 153 153 051 050 050 051 153 153 153 153 153 153 153 153 153 153 153 153 153 051 050 050 050 050 050 050 050 050 051 153 153 153 153 153 153 153 153 153 153 153 153 153 153 153 153 153 153 153 153
153 153 153 153 153 153 153 051 051 051 051 051 051 050 050 050 050 050 050 051 051 051 051 051 051 153 153 153 153 153 051 051 051 051 051 051 153 153 153 153 153 153 153 051 051 051 051 153 153 153 153 153 153 153 153 153 153 153 153 153 051 050 050 050 050 050 050 050 050 051 153 153 153 153 153 153 153 153 153 153 153 153 153 153 153 153 153 153 153 153
153 153 153 153 153 153 153 153 153 153 153 153 051 050 050 050 050 050 050 051 153 153 153 153 153 153 153 153 153 153 153 153 153 153 153 153 153 153 153 153 153 153 153 153 153 153 153 153 153 153 153 153 153 153 153 153 153 153 153 153 051 051 051 051 051 051 051 051 051 051 153 153 153 153 153 153 153 153 153 153 153 153 153 153 153 153 153 153 153 153
153 153 153 153 153 153 153 153 153 153 153 153 051 051 051 051 051 051 051 051 153 153 153 153 153 153 153 153 153 153 153 153 153 153 153 153 153 153 153 153 153 153 153 153 153 153 153 153 153 153 153 153 153 153 153 153 153 153 153 153 153 153 153 153 153 153 153 153 153 153 153 153 153 153 153 153 153 153 153 153 153 153 153 153 153 153 153 153 153 153
153 153 153 153 153 153 153 153 153 153 153 153 153 153 153 153 153 153 153 153 153 153 153 153 153 153 153 153 153 153 153 153 153 153 153 153 153 153 153 153 153 153 153 153 153 153 153 153 153 153 153 153 153 153 153 153 153 153 153 153 153 153 153 153 153 153 153 153 153 153 153 153 153 153 153 153 153 153 153 153 153 153 153 153 153 153 153 153 153 153
153 153 153 153 153 153 153 153 153 153 153 153 153 153 153 153 153 153 153 153 153 153 153 153 153 153 153 153 153 153 153 153 153 153 153 153 153 153 153 153 153 153 153 153 153 153 153 153 153 153 153 153 153 153 153 153 153 153 153 153 153 153 153 153 153 153 153 153 153 153 153 153 153 153 153 153 153 153 153 153 153 153 153 153 153 153 153 153 153 153
153 153 153 153 153 153 153 153 153 153 153 153 153 153 153 153 153 153 153 153 153 153 153 153 153 153 153 153 153 153 153 153 153 153 153 153 153 153 153 153 153 153 153 153 153 153 153 153 153 153 153 153 153 153 153 153 153 153 153 153 153 153 153 153 153 153 153 153 153 153 153 153 153 153 153 153 153 153 153 153 153 153 153 153 153 153 153 153 153 153
153 153 153 153 153 153 153 153 153 153 153 153 153 153 153 153 153 153 153 153 153 153 153 153 153 153 153 153 153 153 153 153 153 153 153 153 153 153 153 153 153 153 153 153 153 153 153 153 153 153 153 153 153 153 153 153 153 153 153 153 153 153 153 153 153 153 153 153 153 153 153 153 153 153 153 153 153 153 153 153 153 153 153 153 153 153 153 153 153 153
153 153 153 153 153 153 153 153 153 153 153 153 153 153 153 153 153 153 153 153 153 153 153 153 153 153 153 153 153 153 153 153 153 153 153 153 153 153 153 153 153 153 153 153 153 153 153 153 153 153 153 153 153 153 153 153 153 153 153 153 153 153 153 153 153 153 153 153 153 153 153 153 153 153 153 153 153 153 153 153 153 153 153 153 153 153 153 153 153 153
153 153 153 153 153 153 153 153 153 153 153 153 153 153 153 153 153 153 153 153 153 153 153 153 153 153 153 153 153 153 153 153 153 153 153 153 153 153 153 153 153 153 153 153 153 153 153 153 153 153 153 153 153 153 153 153 153 153 153 153 153 153 153 153 153 153 153 153 153 153 153 153 153 153 153 153 153 153 153 153 153 153 153 153 153 153 153 153 153 153