90 90
1792 128
153 153 153 153 153 153 153 153 153 153 153 153 153 153 153 153 153 153 153 153 153 153 153 153 153 153 033 028 039 043 153 153 153 153 153 153 153 153 153 153 153 153 153 153 153 153 153 153 153 153 153 153 153 153 153 153 153 153 153 153 153 153 153 153 153 153 153 153 153 153 153 153 153 153 153 153 153 153 153 153 153 153 153 153 153 153 153 153 153 153
037 031 031 031 031 036 153 153 153 153 153 153 153 153 037 031 031 031 031 036 153 153 153 153 048 031 048 039 028 036 042 036 153 153 153 153 153 153 153 153 153 153 153 153 153 153 153 153 153 153 153 153 153 153 153 153 153 153 153 153 153 153 153 153 153 153 153 153 153 153 153 153 153 153 153 153 153 153 153 153 153 153 153 153 153 153 153 153 153 153
033 028 028 028 028 032 153 153 153 153 153 153 153 153 033 028 028 028 028 032 153 153 153 153 033 028 039 028 039 028 039 043 153 153 153 153 153 153 153 153 153 153 153 153 153 153 153 153 153 153 037 031 031 031 031 036 153 153 153 153 153 153 153 153 153 153 153 153 153 153 153 153 153 153 153 153 153 153 153 153 153 153 153 153 153 153 153 153 153 153
033 028 028 028 028 036 031 031 031 031 031 031 031 031 037 028 028 028 028 032 153 153 153 153 044 039 028 039 028 039 028 032 153 153 153 153 153 153 153 153 153 153 153 153 153 153 153 153 153 153 033 038 049 038 049 032 153 153 153 153 153 153 153 153 153 153 153 153 153 153 153 153 153 153 153 153 153 153 153 153 153 153 153 153 153 153 153 153 153 153
033 028 028 028 028 028 028 028 028 028 028 028 028 028 028 028 028 028 028 032 153 153 153 153 033 028 039 028 039 028 039 043 153 153 153 153 153 153 037 031 031 031 031 031 031 031 031 031 031 031 037 049 038 049 038 032 153 153 153 153 153 153 153 153 153 153 153 153 153 153 153 153 153 153 153 153 037 031 031 031 031 031 031 036 153 153 153 153 153 153
033 028 028 028 028 028 028 028 028 028 028 028 028 028 028 028 028 028 028 032 153 153 153 153 044 039 028 039 028 039 028 032 153 153 153 153 153 153 033 029 029 038 038 038 038 038 038 038 038 038 038 038 049 038 049 032 153 153 153 153 153 153 153 153 153 153 153 153 153 153 153 153 153 153 153 153 033 049 049 049 049 049 049 032 153 153 153 153 153 153
033 028 028 028 028 034 030 030 035 028 028 034 030 030 035 028 028 028 028 032 153 153 153 153 033 028 039 028 039 028 039 043 153 153 153 153 153 153 033 029 029 038 038 038 038 038 038 038 038 038 038 049 038 049 038 032 153 153 153 153 153 153 153 153 153 153 153 153 153 153 153 153 153 153 153 153 033 049 049 049 049 049 049 032 153 153 153 153 153 153
033 028 028 028 028 032 153 153 033 028 028 032 153 153 033 028 028 028 028 032 153 153 153 153 044 039 028 039 028 039 028 032 153 153 153 153 153 153 033 029 029 034 030 030 030 030 030 030 030 035 035 038 049 038 049 032 153 153 153 153 153 153 153 153 153 153 153 153 153 153 153 153 153 153 153 153 033 049 049 049 049 049 049 032 153 153 153 153 153 153
035 030 030 030 030 034 153 153 033 028 028 032 153 153 035 030 030 030 030 034 153 153 153 153 033 028 039 028 039 028 039 043 153 153 153 153 153 153 033 029 029 032 153 153 153 153 153 153 153 153 033 049 038 049 038 032 153 153 153 153 153 153 153 153 153 153 153 153 153 153 153 153 153 153 153 153 033 049 049 049 049 049 049 032 153 153 153 153 153 153
153 153 153 153 153 037 031 031 037 028 028 036 031 031 037 153 153 153 153 153 153 153 153 153 044 039 028 039 028 039 028 032 153 153 153 153 037 031 037 029 029 032 153 153 153 153 153 153 153 153 035 030 030 030 030 034 153 153 153 153 153 153 153 153 153 153 153 153 153 153 153 153 153 153 153 153 033 038 038 038 038 038 038 032 153 153 153 153 153 153
153 153 153 153 153 033 028 028 028 028 028 028 028 028 032 153 153 153 153 153 153 153 153 153 035 041 036 028 028 045 030 045 153 153 153 153 033 029 029 029 029 032 153 153 153 153 153 153 153 153 153 153 153 153 153 153 153 037 031 031 036 153 153 153 153 153 153 153 153 153 153 153 153 153 153 153 035 030 035 038 038 034 030 034 153 153 153 153 153 153
153 153 153 153 153 033 028 028 028 028 028 028 028 028 032 153 153 153 153 153 153 153 153 153 153 153 033 028 028 032 153 153 153 153 153 153 033 029 029 029 029 032 153 153 153 153 153 153 153 153 153 153 153 153 153 153 153 033 029 029 032 153 153 153 153 153 153 153 153 153 153 153 153 153 153 153 153 153 033 038 038 032 153 153 153 153 153 153 153 153
153 153 153 153 153 033 028 028 028 028 028 028 028 028 032 153 153 153 153 153 153 153 153 153 153 153 033 028 028 032 153 153 153 153 153 153 033 029 029 034 030 034 153 153 153 153 153 153 153 153 153 153 153 153 153 153 153 033 029 029 032 153 153 153 153 153 153 153 153 153 153 153 153 153 153 153 153 153 033 038 038 032 153 153 153 153 153 153 153 153
153 153 153 153 153 033 028 028 028 028 028 028 028 028 032 153 153 153 153 153 153 153 153 153 153 153 033 028 028 032 153 153 153 153 153 153 033 029 029 032 153 153 153 153 153 153 153 153 153 153 153 153 153 153 153 153 153 033 029 029 032 153 153 153 048 042 042 042 042 042 042 047 153 153 153 153 153 153 033 038 038 032 153 153 153 153 153 153 153 153
153 153 153 153 153 033 028 028 028 028 028 028 028 028 036 031 031 031 031 031 031 031 031 031 031 031 037 028 028 032 153 153 153 153 153 153 033 029 029 032 153 153 153 153 153 153 153 153 153 153 153 153 153 153 153 153 153 033 029 029 032 153 153 153 044 039 039 039 039 039 039 043 153 153 153 153 153 153 033 038 038 032 153 153 153 153 153 153 153 153
153 153 153 153 153 033 028 028 028 028 028 028 028 028 028 028 028 028 028 028 028 028 028 028 028 028 028 028 028 032 153 153 153 153 153 153 033 029 029 032 153 153 153 153 153 153 153 153 153 153 153 153 153 153 153 153 153 033 029 029 032 153 153 153 044 039 039 039 039 039 039 047 042 042 031 031 031 031 037 038 038 032 153 153 153 153 153 153 153 153
153 037 031 031 031 037 028 028 028 028 028 028 028 028 028 028 028 028 028 028 028 028 028 028 028 028 028 028 028 032 153 153 153 153 153 153 033 029 029 032 153 153 153 153 153 153 153 153 153 153 153 153 153 153 153 153 153 033 029 029 032 153 153 153 044 039 039 039 039 039 039 039 039 039 039 028 028 028 028 028 028 032 153 153 153 153 153 153 153 153
153 033 028 028 028 028 028 028 028 028 028 028 028 028 034 030 030 030 030 030 030 030 030 030 030 030 030 030 030 034 153 153 153 153 153 153 033 029 029 032 153 153 153 153 153 153 153 153 153 153 153 153 153 153 153 153 153 033 029 029 032 153 153 153 044 039 039 039 039 039 039 039 039 039 028 039 028 028 028 028 028 032 153 153 153 153 153 153 153 153
153 033 028 028 028 028 028 028 028 028 028 028 028 028 032 153 153 153 153 153 153 153 153 153 153 153 153 153 153 153 153 153 153 153 153 153 033 029 029 032 153 153 153 153 153 153 153 153 153 153 153 153 153 153 037 031 031 037 029 029 036 031 031 042 048 039 039 039 039 039 039 045 041 041 030 030 030 030 030 030 030 034 153 153 153 153 153 153 153 153
153 033 028 028 034 035 028 028 028 028 028 028 028 028 032 153 153 153 153 153 153 153 153 153 153 153 153 153 153 153 153 153 153 153 153 153 033 029 029 032 153 153 153 153 153 153 153 153 153 153 153 153 153 153 033 029 029 029 029 029 029 039 029 039 039 039 039 039 039 039 039 047 042 042 031 031 031 031 031 031 031 036 153 153 153 153 153 153 153 153
153 033 028 028 032 033 028 028 028 028 028 028 028 028 032 153 153 153 153 153 153 153 153 153 153 153 153 153 153 153 153 153 153 153 153 153 033 029 029 032 153 153 153 153 153 153 153 153 153 153 153 153 153 153 033 029 029 029 029 029 039 029 039 039 039 039 039 039 039 039 039 039 039 039 028 039 028 028 028 028 028 032 153 153 153 153 153 153 153 153
153 033 028 028 032 033 028 028 028 028 028 028 028 028 032 153 153 153 153 153 153 153 153 153 153 153 153 153 153 153 153 153 153 153 153 153 033 029 029 032 153 153 153 153 153 153 153 153 153 153 153 153 153 153 033 029 029 034 030 030 030 030 030 041 046 039 039 039 039 039 039 039 039 039 039 028 028 028 028 028 028 032 153 153 153 153 153 153 153 153
153 033 028 028 032 033 028 028 028 028 028 028 028 028 032 153 153 153 153 153 153 153 153 153 153 153 153 153 153 153 153 153 153 153 153 153 033 029 029 032 153 153 153 153 153 153 153 153 153 153 153 153 153 153 033 029 029 032 153 153 153 153 153 153 044 039 039 039 039 039 039 045 041 041 030 030 030 030 035 038 038 032 153 153 153 153 153 153 153 153
153 033 028 028 032 035 030 030 030 030 030 030 030 030 034 153 153 153 153 153 153 153 153 153 153 153 153 153 153 153 153 153 153 153 153 153 033 029 029 032 153 153 153 153 153 153 153 153 153 153 153 153 153 153 033 029 029 032 153 153 153 153 153 153 044 039 039 039 039 039 039 043 153 153 153 153 153 153 033 038 038 032 153 153 153 153 153 153 153 153
153 033 028 028 032 153 153 153 153 153 153 153 153 153 153 153 153 153 153 153 153 153 153 153 153 153 153 153 153 153 153 153 153 153 153 153 033 029 029 032 153 153 153 153 153 153 153 153 153 153 153 153 153 153 033 029 029 032 153 153 153 153 153 153 044 039 039 039 039 039 039 043 153 153 153 153 153 153 033 038 038 032 153 153 153 153 153 153 153 153
153 033 028 028 032 153 153 153 153 153 153 153 153 153 153 153 153 153 153 153 153 153 153 153 153 153 153 153 153 153 153 037 031 031 031 031 037 029 029 036 031 031 031 031 031 031 031 031 031 031 031 031 031 031 037 029 029 032 153 153 153 153 153 153 046 041 041 041 041 041 041 045 153 153 153 153 153 153 033 038 038 032 153 153 153 153 153 153 153 153
153 033 039 028 032 153 153 153 153 153 153 153 153 153 153 153 153 153 153 153 153 153 153 153 153 153 153 153 153 153 153 033 029 029 029 029 029 029 029 029 029 029 029 029 029 029 029 029 029 029 029 029 029 029 029 029 029 032 153 153 153 153 153 153 153 153 153 153 153 153 153 153 153 153 153 153 153 153 033 038 038 032 153 153 153 153 153 153 153 153
153 033 028 039 032 153 153 153 153 153 153 153 153 153 153 153 153 153 153 153 153 153 153 153 153 153 153 153 153 153 153 033 029 029 029 029 029 029 029 029 029 029 029 029 029 029 029 029 029 029 029 029 029 029 029 029 029 032 153 153 153 153 153 153 153 153 153 153 153 153 153 153 153 153 153 153 153 153 033 038 038 032 153 153 153 153 153 153 153 153
153 033 039 028 032 153 153 153 153 153 153 153 153 153 153 153 153 153 153 153 153 153 153 153 153 153 153 153 153 153 153 033 029 029 029 029 029 029 029 029 029 029 029 034 030 030 030 030 030 030 030 030 030 030 030 030 030 034 153 153 153 153 153 153 153 153 153 153 153 153 153 153 153 153 037 031 031 031 037 038 038 036 031 031 031 036 153 153 153 153
153 033 028 028 032 153 153 153 153 153 153 153 153 153 153 153 153 153 153 153 153 153 153 153 153 153 153 153 153 153 153 033 029 029 029 029 029 029 029 029 029 029 029 032 153 153 153 153 153 153 153 153 153 153 153 153 153 153 153 153 153 153 153 153 153 153 153 153 153 153 153 153 153 153 033 028 028 028 028 028 028 028 028 028 028 032 153 153 153 153
153 044 039 039 043 153 153 153 153 153 048 042 042 042 042 042 042 042 042 047 153 153 153 153 153 153 153 153 153 153 153 033 029 029 029 029 029 029 029 029 029 029 029 032 153 153 153 153 153 153 153 153 153 153 153 153 153 153 153 153 153 153 153 153 153 153 037 031 031 031 031 031 031 031 037 028 028 028 028 028 028 028 028 028 028 032 153 153 153 153
153 044 039 039 043 153 153 153 153 153 044 039 039 039 039 039 039 039 039 043 153 153 153 153 153 153 153 153 153 153 153 033 029 029 029 029 029 029 029 029 029 029 029 032 153 153 153 153 153 153 153 153 153 153 153 153 153 153 153 153 153 153 153 153 153 153 033 028 028 028 028 028 028 028 028 028 028 028 028 028 028 028 028 028 028 032 153 153 153 153
153 044 039 039 043 153 153 153 153 153 044 039 039 039 039 039 039 039 039 043 153 153 153 153 153 153 153 153 153 153 153 033 029 029 029 029 029 029 029 029 029 029 029 032 153 153 153 153 153 153 153 153 153 153 153 153 153 153 153 153 153 153 153 153 153 153 033 028 028 028 028 028 028 028 028 028 028 028 028 028 028 028 028 028 028 032 153 153 153 153
153 044 039 039 043 153 153 153 153 153 044 039 039 039 039 039 039 039 039 043 153 153 153 153 153 153 153 153 153 153 153 033 029 029 029 029 029 029 029 029 029 029 029 032 153 153 153 153 153 153 153 153 153 153 153 153 153 153 153 153 153 153 153 153 153 153 033 028 028 034 030 030 030 030 035 028 028 028 028 028 028 028 028 028 028 032 153 153 153 153
153 044 039 039 043 153 153 153 153 153 044 039 039 039 039 039 039 039 039 047 042 042 042 042 042 042 042 031 031 031 031 037 029 029 029 029 029 029 029 029 029 029 029 032 153 153 153 153 153 153 153 153 153 153 153 153 153 153 153 153 153 153 153 153 153 153 033 028 028 032 153 153 153 153 033 028 028 028 028 028 028 028 028 028 028 032 153 153 153 153
153 044 039 039 043 153 153 153 153 153 044 039 039 039 039 039 039 039 039 039 039 039 039 039 029 039 029 029 029 029 029 029 029 029 029 029 029 029 029 029 029 029 029 032 153 153 153 153 153 153 153 153 153 153 153 153 153 153 153 153 153 153 153 153 153 153 033 028 028 032 153 153 153 153 033 028 028 028 028 028 028 028 028 028 028 032 153 153 153 153
153 044 039 039 043 153 153 153 153 153 044 039 039 039 039 039 039 039 039 039 039 039 039 039 039 029 039 029 029 029 029 029 029 029 029 029 029 029 029 029 029 029 029 032 153 153 153 153 153 153 153 153 153 153 153 153 153 153 153 153 153 153 153 153 153 153 033 040 028 032 153 153 153 153 035 030 030 030 035 028 028 034 030 030 030 034 153 153 153 153
153 044 039 039 043 153 153 153 153 153 044 039 039 039 039 039 039 039 039 045 041 041 041 041 041 041 041 030 030 030 030 035 029 029 029 029 029 029 029 029 029 029 029 032 153 153 153 153 153 153 153 153 153 153 153 153 153 153 153 153 153 153 153 153 153 153 033 028 040 032 153 153 153 153 153 153 153 153 033 028 028 032 153 153 153 153 153 153 153 153
153 044 039 039 047 042 042 042 042 042 048 039 039 039 039 039 039 039 039 043 153 153 153 153 153 153 153 153 153 153 153 033 029 029 029 029 029 029 029 029 029 029 029 032 153 153 153 153 153 153 153 153 153 153 153 153 153 153 153 153 153 153 153 153 153 153 033 040 028 032 153 153 153 153 153 153 153 153 033 028 028 032 153 153 153 153 153 153 153 153
153 044 039 039 039 039 039 039 039 039 039 039 039 039 039 039 039 039 039 043 153 153 153 153 153 153 153 153 153 153 153 033 029 029 029 029 029 029 029 029 029 029 029 032 153 153 153 153 153 153 153 153 153 153 153 153 153 153 153 153 153 153 153 153 153 153 044 040 040 043 153 153 153 153 153 153 153 153 033 028 028 032 153 153 153 153 153 153 153 153
153 044 039 039 039 039 039 039 039 039 039 039 039 039 039 039 039 039 039 043 153 153 153 153 153 153 153 153 153 153 153 033 029 029 029 029 029 029 029 029 029 029 029 032 153 153 153 153 153 153 153 153 153 153 153 153 153 153 153 153 153 153 153 153 153 153 044 040 040 043 153 153 153 153 153 153 153 153 033 028 028 032 153 153 153 153 153 153 153 153
153 046 041 041 041 041 041 041 041 041 046 039 039 039 039 039 039 039 039 043 153 153 153 153 153 153 153 153 153 153 153 033 029 029 029 029 029 029 029 029 029 029 029 032 153 153 153 153 153 153 153 153 153 153 153 153 153 153 153 153 153 153 153 153 153 153 044 040 040 043 153 153 153 153 153 153 153 153 033 028 028 032 153 153 153 153 153 153 153 153
153 153 153 153 153 153 153 153 153 153 044 039 039 039 039 039 039 039 039 043 153 153 153 153 153 153 153 153 153 153 153 035 030 030 030 030 035 029 029 034 030 030 030 034 153 153 153 153 153 153 153 153 153 153 153 153 153 153 153 153 153 153 153 153 153 153 044 040 040 043 153 153 153 153 153 153 153 153 033 028 028 032 153 153 153 153 153 153 153 153
153 153 153 153 153 153 153 153 153 153 044 039 039 039 039 039 039 039 039 043 153 153 153 153 153 153 153 153 153 153 153 153 153 153 153 153 033 029 029 032 153 153 153 153 153 153 153 153 153 153 153 153 153 153 153 153 048 042 042 042 042 042 042 042 042 042 048 040 040 043 153 153 153 153 153 153 037 031 037 028 028 036 031 036 153 153 153 153 153 153
153 153 153 153 153 153 153 153 153 153 044 039 039 039 039 039 039 039 039 043 153 153 153 153 153 153 153 153 153 153 153 153 153 153 153 153 033 029 029 032 153 153 153 153 153 153 153 153 153 153 153 153 153 153 153 153 044 040 040 040 040 040 040 040 040 040 040 040 040 043 153 153 153 153 153 153 033 028 028 028 028 028 028 032 153 153 153 153 153 153
153 153 153 153 153 153 153 153 153 153 044 039 039 039 039 039 039 039 039 043 153 153 153 153 153 153 153 153 153 153 153 153 153 153 153 153 033 029 029 032 153 153 153 153 153 153 153 153 153 153 153 153 153 153 153 153 044 040 040 040 040 040 040 040 040 040 040 040 040 043 153 153 153 153 153 153 033 028 028 028 028 028 028 032 153 153 153 153 153 153
153 153 153 153 153 153 153 153 153 153 044 039 039 039 039 039 039 039 039 043 153 153 153 153 153 153 153 153 153 153 153 153 153 153 153 153 033 029 029 032 153 153 153 153 153 153 153 153 153 153 153 153 153 153 153 153 044 040 040 045 041 041 041 041 041 041 041 041 041 045 153 153 153 153 153 153 033 028 028 028 028 028 028 032 153 153 153 153 153 153
153 153 153 153 153 153 153 153 153 153 046 041 041 046 039 039 045 041 041 045 153 153 153 153 153 153 153 153 153 153 153 153 153 153 153 153 033 029 029 032 153 153 153 153 153 153 153 153 153 153 153 153 153 153 153 153 044 040 040 043 153 153 153 153 153 153 153 153 153 153 153 153 153 153 153 153 033 028 028 028 028 028 028 032 153 153 153 153 153 153
153 153 153 153 153 153 153 153 153 153 153 153 153 044 039 039 043 153 153 153 153 153 153 153 153 153 153 153 153 153 153 153 153 153 153 153 033 029 029 032 153 153 153 153 153 153 153 153 153 153 153 153 153 153 153 048 048 040 040 047 042 042 042 042 042 153 153 153 153 153 153 153 153 153 153 153 033 028 028 028 028 028 028 032 153 153 153 153 153 153
153 153 153 153 153 153 153 153 153 153 153 153 153 044 039 039 043 153 153 153 153 153 153 153 153 153 153 153 153 153 153 153 153 153 153 153 033 029 029 032 153 153 153 153 153 153 153 153 153 153 153 153 153 153 153 044 040 040 040 040 040 040 040 040 043 153 153 153 153 153 153 153 153 153 153 153 035 030 030 030 030 030 030 034 153 153 153 153 153 153
153 153 153 153 153 153 153 153 153 153 153 153 153 044 039 039 043 153 153 153 153 153 153 153 153 153 153 153 153 153 153 048 042 042 042 042 037 029 029 032 153 153 153 153 153 153 153 048 042 042 042 042 042 042 042 048 040 040 040 040 040 040 040 040 047 042 042 042 042 042 042 042 047 153 153 153 153 153 153 153 153 153 153 153 153 153 153 153 153 153
153 153 153 153 153 153 153 153 153 153 153 153 153 044 039 039 043 153 153 153 153 153 153 153 153 153 153 153 153 153 153 044 040 040 040 040 040 029 040 032 153 153 153 153 153 153 153 044 040 040 040 040 040 040 040 040 040 040 040 040 040 040 040 040 040 040 040 040 040 040 040 040 043 153 153 153 153 153 153 153 153 153 153 153 153 153 153 153 153 153
153 153 153 153 153 153 153 153 153 153 153 153 153 044 039 039 043 153 153 153 153 153 153 153 153 153 153 153 153 153 153 044 040 040 040 040 029 040 029 032 153 153 153 153 153 153 153 044 040 040 040 040 040 040 040 040 040 040 040 040 040 040 040 040 040 040 040 040 040 040 040 040 043 153 153 153 153 153 153 153 153 153 153 153 153 153 153 153 153 153
153 153 153 153 153 153 153 153 153 153 153 153 153 044 039 039 043 153 153 153 153 153 153 153 153 153 153 153 153 153 153 044 040 040 045 041 030 030 030 034 153 153 153 153 153 153 153 044 040 040 045 041 041 041 041 046 040 040 040 040 040 040 040 040 045 041 041 041 041 046 040 040 043 153 153 153 153 153 153 153 153 153 153 153 153 153 153 153 153 153
153 153 153 153 153 153 153 153 153 153 153 153 153 044 039 039 043 153 153 153 153 153 153 153 153 153 153 153 153 153 153 044 040 040 044 153 153 153 153 153 153 153 153 153 153 153 153 044 040 040 043 153 153 153 153 044 040 040 040 040 040 040 040 040 043 153 153 153 153 044 040 040 043 153 153 153 153 153 153 153 153 153 153 153 153 153 153 153 153 153
153 153 153 048 042 042 042 042 047 153 153 153 153 044 039 039 043 153 153 153 153 153 153 153 153 153 153 153 153 153 153 044 040 040 044 153 153 153 153 153 153 153 153 153 153 153 153 044 029 040 043 153 153 153 153 044 040 040 040 040 040 040 040 040 043 153 153 153 153 044 040 040 043 153 153 153 153 153 153 153 153 153 153 153 153 153 153 153 153 153
153 153 153 044 049 049 049 049 047 042 042 042 042 048 039 039 043 153 153 153 153 153 153 153 153 153 153 153 153 153 153 044 040 040 044 153 153 153 153 153 153 153 153 153 153 153 153 044 040 029 043 153 153 153 153 046 041 041 041 041 041 041 041 041 045 153 153 153 153 044 040 040 043 153 153 153 153 153 153 153 153 153 153 153 153 153 153 153 153 153
153 153 153 044 049 049 049 039 039 039 039 039 039 039 039 039 043 153 153 153 153 153 153 153 153 153 153 153 153 153 153 044 040 040 044 153 153 153 153 153 153 153 153 153 153 153 153 044 029 040 043 153 153 153 153 153 153 153 153 153 153 153 153 153 153 153 153 153 153 044 040 040 043 153 153 153 153 153 153 153 153 153 153 153 153 153 153 153 153 153
153 153 153 044 049 049 049 039 039 039 039 039 039 039 039 039 043 153 153 153 153 153 153 153 153 153 153 153 153 048 042 048 040 040 047 042 047 153 153 153 153 153 153 153 153 153 153 033 029 029 032 153 153 153 153 153 153 153 153 153 153 153 153 153 153 153 153 153 153 044 040 040 043 153 153 153 153 153 153 153 153 153 153 153 153 153 153 153 153 153
153 153 153 044 049 049 049 049 045 041 041 041 041 041 041 041 045 153 153 153 153 153 153 153 153 153 153 153 153 044 040 040 040 040 049 040 043 153 153 153 153 153 153 153 153 153 153 033 029 029 032 153 153 153 153 153 153 153 153 153 153 153 153 153 153 153 153 153 153 044 040 040 043 153 153 153 153 153 153 153 153 153 153 153 153 153 153 153 153 153
153 153 153 046 041 041 041 041 045 153 153 153 153 153 153 153 153 153 153 153 153 153 153 153 153 153 153 153 153 044 040 040 040 040 040 040 043 153 153 153 153 153 153 037 031 031 031 037 029 029 032 153 153 153 153 153 153 153 153 153 153 153 153 153 153 153 153 153 153 044 040 040 047 042 042 042 047 153 153 153 153 153 153 153 153 153 153 153 153 153
153 153 153 153 153 153 153 153 153 153 153 153 153 153 153 153 153 153 153 153 153 153 153 153 153 153 153 153 153 044 040 040 040 040 040 049 043 153 153 153 153 153 153 033 029 029 029 029 029 029 032 153 153 048 042 042 042 042 042 042 042 042 042 042 042 042 042 047 153 044 040 040 040 040 040 040 043 153 153 153 153 153 153 153 153 153 153 153 153 153
153 153 153 153 153 153 153 153 153 153 153 153 153 153 153 153 153 153 153 153 153 153 153 153 153 153 153 153 153 044 049 040 049 040 049 040 043 153 153 153 153 153 153 033 029 029 029 029 029 029 032 153 153 044 040 040 040 040 040 040 040 040 040 040 040 040 040 043 153 044 040 040 040 040 040 040 043 153 153 153 153 153 153 153 153 153 153 153 153 153
153 153 153 153 153 153 153 153 153 153 153 153 153 153 153 153 153 153 153 153 153 153 153 153 153 153 153 153 153 044 040 040 040 040 040 040 043 153 153 153 153 153 153 033 029 029 034 030 030 030 034 153 153 044 040 040 040 040 040 040 040 040 040 040 040 040 040 043 153 046 041 041 041 046 040 040 043 153 153 153 153 153 153 153 153 153 153 153 153 153
153 153 153 153 153 153 153 153 153 153 153 153 153 153 153 153 153 153 153 153 153 153 153 153 153 153 153 153 153 044 049 040 040 040 049 040 043 153 153 153 153 037 031 037 029 029 036 031 036 153 153 153 153 044 040 040 040 040 040 040 040 040 040 040 040 040 040 043 153 153 153 048 042 048 040 040 047 042 047 153 153 153 153 153 153 153 153 153 153 153
153 153 153 153 153 153 153 153 153 153 153 153 153 153 153 153 153 153 153 153 153 153 153 153 153 153 153 153 153 044 040 040 049 040 040 040 043 153 153 153 153 033 029 029 029 029 029 029 032 153 153 153 153 044 040 040 040 040 040 040 040 040 040 040 040 040 040 043 153 153 153 044 038 038 038 038 038 038 043 153 153 153 153 153 153 153 153 153 153 153
153 153 153 153 153 153 153 153 153 153 153 153 153 153 153 153 153 153 153 153 153 153 153 153 153 153 153 153 153 044 049 040 040 040 049 040 043 153 153 153 153 033 029 029 029 029 029 029 032 153 153 153 153 044 040 040 040 040 040 049 040 040 040 040 040 040 040 043 153 153 153 044 038 038 038 038 038 038 043 153 153 153 153 153 153 153 153 153 153 153
153 153 153 153 153 153 153 153 153 153 153 153 153 153 153 153 153 153 153 153 153 153 153 153 153 153 153 153 153 046 041 041 041 041 041 041 045 153 153 153 153 033 029 029 029 029 029 029 032 153 153 153 153 044 040 040 040 040 040 040 040 040 040 040 040 040 040 043 153 153 153 044 038 038 038 038 038 038 043 153 153 153 153 153 153 153 153 153 153 153
153 153 153 153 153 153 153 153 153 153 153 153 153 153 153 153 153 153 153 153 153 153 153 153 153 153 153 153 153 153 153 153 153 153 153 153 153 153 153 153 153 033 029 029 029 029 029 029 032 153 153 153 153 044 040 040 040 040 040 040 040 040 040 040 040 040 040 043 153 153 153 044 038 038 038 038 038 038 043 153 153 153 153 153 153 153 153 153 153 153
153 153 153 153 153 153 153 153 153 153 153 153 153 153 153 153 153 153 153 153 153 153 153 153 153 153 153 153 153 153 153 153 153 153 153 153 153 153 153 153 153 033 029 029 029 029 029 029 032 153 153 153 153 044 040 040 040 040 040 040 040 040 040 040 040 040 040 043 153 153 153 044 038 038 029 038 038 038 043 153 153 153 153 153 153 153 153 153 153 153
153 153 153 153 153 153 153 153 153 153 153 153 153 153 153 153 153 153 153 153 153 153 153 153 153 153 153 153 153 153 153 153 153 153 153 153 153 153 153 153 153 033 029 029 029 029 029 029 032 153 153 153 153 044 040 040 040 040 040 040 040 040 040 040 040 040 040 043 153 153 153 046 041 041 041 041 041 041 045 153 153 153 153 153 153 153 153 153 153 153
153 153 153 153 153 153 153 153 153 153 153 153 153 153 153 153 153 153 153 153 153 153 153 153 153 153 153 153 153 153 153 153 153 153 153 153 153 153 153 153 153 035 030 035 029 029 034 030 034 153 153 153 153 044 040 040 049 040 040 040 040 040 040 040 040 040 040 043 153 153 153 153 153 153 153 153 153 153 153 153 153 153 153 153 153 153 153 153 153 153
153 153 153 153 153 153 153 153 153 153 153 153 153 153 153 153 153 153 153 153 153 153 153 153 153 153 153 153 153 153 153 153 153 153 153 153 153 153 153 153 153 153 153 033 029 029 032 153 153 153 153 153 153 044 040 040 040 040 040 040 040 040 040 040 040 040 040 043 153 153 153 153 153 153 153 153 153 153 153 153 153 153 153 153 153 153 153 153 153 153
153 153 153 153 153 153 153 153 153 153 153 153 153 153 153 153 153 153 153 153 153 153 153 153 048 042 042 042 042 042 042 042 042 042 042 042 042 042 042 042 042 042 042 037 029 029 036 042 042 042 042 042 042 048 040 040 040 040 040 040 040 040 040 040 040 040 040 043 153 153 153 153 153 153 153 153 153 153 153 153 153 153 153 153 153 153 153 153 153 153
153 153 153 153 153 153 153 153 153 153 153 153 153 153 153 153 153 153 153 153 153 153 153 153 044 040 040 040 040 040 040 040 040 040 040 040 040 040 040 040 040 040 029 029 029 029 029 040 029 040 040 040 040 040 040 040 040 040 040 040 040 049 040 040 040 040 040 043 153 153 153 153 153 153 153 153 153 153 153 153 153 153 153 153 153 153 153 153 153 153
153 153 153 153 153 153 153 153 153 153 153 153 153 153 153 153 153 153 153 153 153 153 153 153 044 040 040 040 040 040 040 040 040 040 040 040 040 040 040 040 040 029 040 029 029 029 029 029 040 040 040 040 040 040 040 040 040 040 040 040 040 040 040 040 040 040 040 043 153 153 153 153 153 153 153 153 153 153 153 153 153 153 153 153 153 153 153 153 153 153
153 153 153 153 153 153 153 153 153 153 153 153 153 153 153 153 153 153 153 153 153 153 153 153 046 041 041 041 041 041 041 041 041 041 041 041 041 041 041 041 041 041 041 035 029 029 034 041 041 041 041 041 041 046 040 040 040 040 040 040 040 040 040 040 040 040 040 043 153 153 153 153 153 153 153 153 153 153 153 153 153 153 153 153 153 153 153 153 153 153
153 153 153 153 153 153 153 153 153 153 153 153 153 153 153 153 153 153 153 153 153 153 153 153 153 153 153 153 153 153 153 153 153 153 153 153 153 153 153 153 153 153 153 033 029 029 032 153 153 153 153 153 153 044 040 040 040 040 040 040 040 040 040 040 040 040 040 043 153 153 153 153 153 153 153 153 153 153 153 153 153 153 153 153 153 153 153 153 153 153
153 153 153 153 153 153 153 153 153 153 153 153 153 153 153 153 153 153 153 153 153 153 153 153 153 153 153 153 153 153 153 153 153 153 153 153 153 153 153 153 153 153 153 035 030 030 034 153 153 153 153 153 153 044 040 040 040 040 040 040 040 040 040 040 040 040 040 043 153 153 153 153 153 153 153 153 153 153 153 153 153 153 153 153 153 153 153 153 153 153
153 153 153 153 153 153 153 153 153 153 153 153 153 153 153 153 153 153 153 153 153 153 153 153 153 153 153 153 153 153 153 153 153 153 153 153 153 153 153 153 153 153 153 153 153 153 153 153 153 153 153 153 153 044 040 040 040 040 040 040 040 040 040 040 040 040 040 043 153 153 153 153 153 153 153 153 153 153 153 153 153 153 153 153 153 153 153 153 153 153
153 153 153 153 153 153 153 153 153 153 153 153 153 153 153 153 153 153 153 153 153 153 153 153 153 153 153 153 153 153 153 153 153 153 153 153 153 153 153 153 153 153 153 153 153 153 153 153 153 153 153 153 153 044 040 040 040 040 040 040 040 040 040 040 040 040 040 043 153 153 153 153 153 153 153 153 153 153 153 153 153 153 153 153 153 153 153 153 153 153
153 153 153 153 153 153 153 153 153 153 153 153 153 153 153 153 153 153 153 153 153 153 153 153 153 153 153 153 153 153 153 153 153 153 153 153 153 153 153 153 153 153 153 153 153 153 153 153 153 153 153 153 153 044	040 040 040 040 040 040 040 049 040 040 040 040 040 043 153 153 153 153 153 153 153 153 153 153 153 153 153 153 153 153 153 153 153 153 153 153
153 153 153 153 153 153 153 153 153 153 153 153 153 153 153 153 153 153 153 153 153 153 153 153 153 153 153 153 153 153 153 153 153 153 153 153 153 153 153 153 153 153 153 153 153 153 153 153 153 153 153 153 153 044 040 040 040 040 040 040 040 040 040 040 040 040 040 043 153 153 153 153 153 153 153 153 153 153 153 153 153 153 153 153 153 153 153 153 153 153
153 153 153 153 153 153 153 153 153 153 153 153 153 153 153 153 153 153 153 153 153 153 153 153 153 153 153 153 153 153 153 153 153 153 153 153 153 153 153 153 153 153 153 153 153 153 153 153 153 153 153 153 153 044 040 040 040 040 040 040 040 040 040 040 040 040 040 043 153 153 153 153 153 153 153 153 153 153 153 153 153 153 153 153 153 153 153 153 153 153
153 153 153 153 153 153 153 153 153 153 153 153 153 153 153 153 153 153 153 153 153 153 153 153 153 153 153 153 153 153 153 153 153 153 153 153 153 153 153 153 153 153 153 153 153 153 153 153 153 153 153 153 153 046 041 041 041 041 041 041 041 041 041 041 041 041 041 045 153 153 153 153 153 153 153 153 153 153 153 153 153 153 153 153 153 153 153 153 153 153
153 153 153 153 153 153 153 153 153 153 153 153 153 153 153 153 153 153 153 153 153 153 153 153 153 153 153 153 153 153 153 153 153 153 153 153 153 153 153 153 153 153 153 153 153 153 153 153 153 153 153 153 153 153 153 153 153 153 153 153 153 153 153 153 153 153 153 153 153 153 153 153 153 153 153 153 153 153 153 153 153 153 153 153 153 153 153 153 153 153
153 153 153 153 153 153 153 153 153 153 153 153 153 153 153 153 153 153 153 153 153 153 153 153 153 153 153 153 153 153 153 153 153 153 153 153 153 153 153 153 153 153 153 153 153 153 153 153 153 153 153 153 153 153 153 153 153 153 153 153 153 153 153 153 153 153 153 153 153 153 153 153 153 153 153 153 153 153 153 153 153 153 153 153 153 153 153 153 153 153
153 153 153 153 153 153 153 153 153 153 153 153 153 153 153 153 153 153 153 153 153 153 153 153 153 153 153 153 153 153 153 153 153 153 153 153 153 153 153 153 153 153 153 153 153 153 153 153 153 153 153 153 153 153 153 153 153 153 153 153 153 153 153 153 153 153 153 153 153 153 153 153 153 153 153 153 153 153 153 153 153 153 153 153 153 153 153 153 153 153
153 153 153 153 153 153 153 153 153 153 153 153 153 153 153 153 153 153 153 153 153 153 153 153 153 153 153 153 153 153 153 153 153 153 153 153 153 153 153 153 153 153 153 153 153 153 153 153 153 153 153 153 153 153 153 153 153 153 153 153 153 153 153 153 153 153 153 153 153 153 153 153 153 153 153 153 153 153 153 153 153 153 153 153 153 153 153 153 153 153
153 153 153 153 153 153 153 153 153 153 153 153 153 153 153 153 153 153 153 153 153 153 153 153 153 153 153 153 153 153 153 153 153 153 153 153 153 153 153 153 153 153 153 153 153 153 153 153 153 153 153 153 153 153 153 153 153 153 153 153 153 153 153 153 153 153 153 153 153 153 153 153 153 153 153 153 153 153 153 153 153 153 153 153 153 153 153 153 153 153
153 153 153 153 153 153 153 153 153 153 153 153 153 153 153 153 153 153 153 153 153 153 153 153 153 153 153 153 153 153 153 153 153 153 153 153 153 153 153 153 153 153 153 153 153 153 153 153 153 153 153 153 153 153 153 153 153 153 153 153 153 153 153 153 153 153 153 153 153 153 153 153 153 153 153 153 153 153 153 153 153 153 153 153 153 153 153 153 153 153
