90 90
1920 64
153 153 153 153 153 153 153 153 153 153 153 153 153 173 021 021 021 021 021 021 174 153 173 021 021 021 021 021 027 019 019 026 021 021 021 174 153 153 153 153 153 153 153 153 153 153 153 153 153 153 153 153 153 153 153 153 153 153 153 153 153 153 153 153 153 153 153 153 153 153 153 153 153 153 153 153 153 153 153 153 153 153 153 153 153 153 153 153 153 153
153 153 153 153 153 153 153 153 153 153 153 153 153 022 019 019 019 019 019 019 026 021 027 019 019 019 019 019 019 019 019 019 019 019 019 023 153 153 153 153 153 153 153 153 153 153 153 153 153 153 153 153 153 153 153 153 153 153 153 153 153 153 153 153 153 153 153 153 153 153 153 153 153 153 153 153 153 153 153 153 153 153 153 153 153 153 153 153 153 153
153 153 153 153 153 153 153 153 153 153 153 153 153 022 019 019 019 019 019 019 019 019 019 019 019 019 019 019 019 019 019 019 019 019 019 023 153 153 153 153 153 153 153 153 153 153 153 153 153 153 153 153 153 153 153 153 153 153 153 153 153 153 153 153 153 153 153 153 153 153 153 153 153 153 153 153 153 153 153 153 153 153 153 153 153 153 153 153 153 153
153 153 153 153 153 153 153 153 153 153 153 153 153 022 019 019 019 019 019 019 019 019 019 019 019 019 019 019 019 019 019 019 019 019 019 023 153 153 153 153 153 153 153 153 153 153 153 153 153 153 153 153 153 153 153 153 153 153 153 153 153 153 153 153 153 153 153 153 153 153 153 153 153 153 153 153 153 153 153 153 153 153 153 153 153 153 153 153 153 153 
153 153 153 153 153 153 153 153 153 153 153 153 153 022 019 019 019 019 019 019 024 020 025 019 019 019 019 019 019 019 019 019 019 019 019 023 153 153 153 153 153 153 153 153 153 153 153 153 153 153 153 153 153 153 153 153 153 153 153 153 153 153 153 153 153 153 153 153 153 153 153 153 153 153 153 153 153 153 153 153 153 153 153 153 153 153 153 153 153 153
153 153 153 153 153 153 153 153 153 153 153 153 153 175 020 020 020 020 020 020 176 153 175 020 020 020 020 020 025 019 019 024 020 020 020 176 153 153 153 153 153 153 153 153 153 153 153 153 153 153 153 153 153 153 153 153 153 153 153 153 153 153 153 153 153 153 153 153 153 153 153 153 153 153 153 153 153 153 153 153 153 153 153 153 153 153 153 153 153 153 
153 173 021 021 021 021 021 021 021 021 021 021 174 173 021 021 021 021 021 021 021 021 021 021 021 021 021 021 027 019 019 026 021 021 021 021 021 021 021 021 174 173 021 021 021 021 021 021 021 021 021 021 021 021 021 021 021 021 021 021 021 021 021 174 173 021 021 021 021 021 021 021 021 021 021 021 021 021 021 174 173 021 021 021 021 021 021 174 153 153
153 022 019 019 019 019 019 019 019 019 019 019 023 022 019 019 019 019 019 019 019 019 019 019 019 019 019 019 019 019 019 019 019 019 019 019 019 019 019 019 023 022 019 019 019 019 019 019 019 019 019 019 019 019 019 019 019 019 019 019 019 019 019 023 022 019 019 019 019 019 019 019 019 019 019 019 019 019 019 023 022 019 019 019 019 019 019 023 153 153
153 022 019 019 019 019 019 019 019 019 019 019 023 022 019 019 019 019 019 019 019 019 019 019 019 019 019 019 019 019 019 019 019 019 019 019 019 019 019 019 023 022 019 019 019 019 019 019 019 019 019 019 019 019 019 019 019 019 019 019 019 019 019 023 022 019 019 019 019 019 019 019 019 019 019 019 019 019 019 023 022 019 019 019 019 019 019 023 153 153
153 022 019 019 024 020 020 020 020 025 019 019 023 175 020 020 020 020 020 020 020 025 019 019 024 020 020 020 020 020 020 020 020 020 020 020 020 025 019 019 023 022 019 019 019 019 019 019 019 019 019 019 019 019 019 019 019 019 019 019 019 019 019 023 022 019 019 024 025 019 019 024 020 020 020 020 025 019 019 023 022 019 019 024 025 019 019 023 153 153
153 022 019 019 026 021 021 021 174 022 019 019 026 021 021 021 021 021 021 021 021 027 019 019 026 021 021 021 021 021 021 021 174 153 153 153 153 022 019 019 023 022 019 019 019 019 019 019 019 019 019 019 019 019 019 019 019 019 019 019 019 019 019 023 022 019 019 026 027 019 019 026 021 021 021 021 027 019 019 026 027 019 019 023 022 019 019 023 153 153
153 022 019 019 019 019 019 019 023 022 019 019 019 019 019 019 019 019 019 019 019 019 019 019 019 019 019 019 019 019 019 019 023 153 153 153 153 022 019 019 023 022 019 019 019 019 019 019 019 019 019 019 019 019 019 019 019 019 019 019 019 019 019 023 022 019 019 019 019 019 019 019 019 019 019 019 019 019 019 019 019 019 019 023 022 019 019 023 153 153
153 022 019 019 019 019 019 019 023 022 019 019 019 019 019 019 019 019 019 019 019 019 019 019 019 019 019 019 019 019 019 019 023 153 153 153 153 022 019 019 023 022 019 019 019 019 019 019 019 019 019 019 019 019 019 019 019 019 019 019 019 019 019 023 022 019 019 019 019 019 019 019 019 019 019 019 019 019 019 019 019 019 019 023 022 019 019 023 153 153
153 175 020 020 020 020 020 020 176 175 020 020 020 020 020 020 020 020 020 020 020 020 020 020 020 020 020 020 020 025 019 019 023 153 153 153 153 022 019 019 023 022 019 019 019 019 019 019 019 019 019 019 019 019 019 019 019 019 019 019 019 019 019 023 022 019 019 019 019 019 019 019 019 019 019 019 019 019 019 019 019 019 019 023 022 019 019 023 153 153
153 153 153 153 153 173 021 021 021 021 021 021 021 021 021 021 174 173 021 021 021 021 021 021 021 021 021 021 021 027 019 019 026 021 021 174 153 022 019 019 023 022 019 019 019 019 019 019 019 019 019 019 019 019 019 019 019 019 019	019	019	019	019	023 022 019 019 019 019 019 019 019 019 019 019 019 019 019 019 019 019 019 019 023 022 019 019 023 153 153
153 153 153 153 153 022 019 019 019 019 019 019 019 019 019 019 023 022 019 019 019 019 019 019 019 019 019 019 019 019 019 019 019 019 019 023 153 022 019 019 023 022 019 019 019 019 019 019 019 019 019 019 024 025 019 019 019 019 019 019 019 019 019 023 022 019 019 019 019 019 019 019 019 019 019 019 019 019 019 019 019 019 019 023 022 019 019 023 153 153
153 153 153 153 153 022 019 019 019 019 019 019 019 019 019 019 023 022 019 019 019 019 019 019 019 019 019 019 019 019 019 019 019 019 019 023 153 022 019 019 023 022 019 019 019 019 019 019 019 019 019 019 023 022 019 019 019 019 019 019 019 019 019 023 022 019 019 019 019 019 019 019 019 019 019 019 019 019 019 019 019 019 019 023 022 019 019 023 153 153
153 153 153 153 153 022 019 019 024 020 020 020 020 025 019 019 023 022 019 019 019 019 019 019 019 019 019 019 019 019 019 019 019 019 019 023 153 022 019 019 023 022 019 019 019 019 019 019 019 019 019 019 023 022 019 019 019 019 019 019 019 019 019 023 175 020 020 020 020 020 020 020 025 019 019 024 020 020 020 020 020 020 020 176 022 019 019 023 153 153
153 173 021 021 021 027 019 019 023 173 021 021 021 027 019 019 023 022 019 019 019 019 019 019 019 019 019 019 019 019 019 019 019 019 019 023 153 022 019 019 023 022 019 019 019 019 019 019 019 019 019 019 023 022 019 019 019 019 019 019 019 019 019 023 173 021 021 021 021 021 021 021 027 019 019 026 021 021 021 021 021 021 021 174 022 019 019 023 153 153
153 022 019 019 019 019 019 019 023 022 019 019 019 019 019 019 023 022 019 019 019 019 019 019 019 019 019 019 019 019 019 019 019 019 019 023 153 022 019 019 023 022 019 019 019 019 019 019 019 019 019 019 023 022 019 019 019 019 019 019 019 019 019 023 022 019 019 019 019 019 019 019 019 019 019 019 019 019 019 019 019 019 019 023 022 019 019 023 153 153
153 022 019 019 019 019 019 019 023 022 019 019 019 019 019 019 023 022 019 019 019 019 019 019 019 019 019 019 019 019 019 019 019 019 019 023 153 022 019 019 023 022 019 019 019 019 019 019 019 019 019 019 026 027 019 019 019 019 019 019 019 019 019 023 022 019 019 019 019 019 019 019 019 019 019 019 019 019 019 019 019 019 019 023 022 019 019 023 153 153
153 022 019 019 024 020 020 020 176 022 019 019 024 020 020 020 176 022 019 019 019 019 019 019 019 019 019 019 019 019 019 019 019 019 019 023 153 022 019 019 023 022 019 019 019 019 019 019 019 019 019 019 019 019 019 019 019 019 019 019 019 019 019 023 022 019 019 019 019 019 019 019 019 019 019 019 019 019 019 019 019 019 019 023 022 019 019 023 153 153
153 022 019 019 026 021 021 021 174 022 019 019 026 021 021 021 174 022 019 019 019 019 019 019 019 019 019 019 019 019 019 019 019 019 019 023 153 022 019 019 023 022 019 019 019 019 019 019 019 019 019 019 019 019 019 019 019 019 019 019 019 019 019 023 022 019 019 019 019 019 019 019 019 019 019 019 019 019 019 019 019 019 019 023 022 019 019 023 153 153
153 022 019 019 019 019 019 019 023 022 019 019 019 019 019 019 023 022 019 019 019 019 019 019 019 019 019 019 019 019 019 019 019 019 019 023 153 022 019 019 023 022 019 019 019 019 019 019 019 019 019 019 019 019 019 019 019 019 019 019 019 019 019 026 027 019 019 019 019 019 019 019 019 019 019 019 019 019 019 019 019 019 019 023 022 019 019 023 153 153
153 022 019 019 019 019 019 019 023 022 019 019 019 019 019 019 023 022 019 019 019 019 019 019 019 019 019 019 019 019 019 019 019 019 019 023 153 022 019 019 023 022 019 019 019 019 019 019 019 019 019 019 019 019 019 019 019 019 019 019 019 019 019 019 019 019 019 019 019 019 019 019 019 019 019 019 019 019 019 019 019 019 019 023 022 019 019 023 153 153
153 175 020 020 020 025 019 019 023 175 020 020 020 025 019 019 023 022 019 019 019 019 019 019 019 019 019 019 019 019 019 019 019 019 019 023 153 022 019 019 023 022 019 019 019 019 019 019 019 019 019 019 019 019 019 019 019 019 019 019 019 019 019 019 019 019 019 019 019 019 019 019 019 019 019 019 019 019 019 019 019 019 019 023 175 020 020 176 153 153
153 173 021 021 174 022 019 019 023 153 153 153 153 022 019 019 023 022 019 019 019 019 019 019 019 019 019 019 019 019 019 019 019 019 019 023 153 022 019 019 023 175 020 020 020 020 020 020 020 020 020 020 020 020 020 020 020 020 020 020 020 020 020 020 025 019 019 019 019 019 019 019 019 019 019 019 019 019 019 019 019 019 019 023 153 153 153 153 153 153
153 022 019 019 023 022 019 019 023 153 153 153 153 022 019 019 023 022 019 019 019 019 019 019 019 019 019 019 019 019 019 019 019 019 019 023 153 022 019 019 026 021 021 021 021 174 173 021 021 021 021 021 021 021 021 021 021 021 021 021 021 021 021 021 027 019 019 019 019 019 019 019 019 019 019 019 019 019 019 019 019 019 019 026 021 021 021 174 153 153
153 022 019 019 023 022 019 019 023 153 153 153 153 022 019 019 023 022 019 019 019 019 019 019 019 019 019 019 019 019 019 019 019 019 019 023 153 022 019 019 019 019 019 019 019 023 022 019 019 019 019 019 019 019 019 019 019 019 019 019 019 019 019 019 019 019 019 019 019 019 019 019 019 019 019 019 019 019 019 019 019 019 019 019 019 019 019 023 153 153
153 022 019 019 023 022 019 019 023 153 153 153 153 022 019 019 023 022 019 019 019 019 019 019 019 019 019 019 019 019 019 019 019 019 019 023 153 022 019 019 019 019 019 019 019 023 022 019 019 019 019 019 019 019 019 019 019 019 019 019 019 019 019 019 019 019 019 019 019 019 019 019 019 019 019 019 019 019 019 019 019 019 019 019 019 019 019 023 153 153
153 022 019 019 023 022 019 019 023 153 153 153 153 022 019 019 026 027 019 019 019 019 019 019 019 019 019 019 019 019 019 019 019 019 019 023 153 175 020 020 020 020 025 019 019 023 022 019 019 024 020 020 020 020 020 020 020 020 020 020 020 020 020 020 020 020 020 020 020 020 020 020 020 020 020 020 020 020 020 020 020 020 020 020 025 019 019 023 153 153
153 022 019 019 023 022 019 019 023 153 153 153 153 022 019 019 019 019 019 019 019 019 019 019 019 019 019 019 019 019 019 019 019 019 019 023 153 153 173 021 021 021 027 019 019 026 027 019 019 023 153 153 153 153 153 173 021 021 021 021 021 021 021 021 021 021 021 021 021 021 021 021 174 153 153 153 153 153 153 153 153 153 153 153 022 019 019 023 153 153
153 022 019 019 023 022 019 019 023 153 153 153 153 022 019 019 019 019 019 019 019 019 019 019 019 019 019 019 019 019 019 019 019 019 019 023 153 153 022 019 019 019 019 019 019 019 019 019 019 023 153 153 153 153 153 022 019 019 019 019 019 019 019 019 019 019 019 019 019 019 019 019 023 153 153 153 153 153 153 153 153 153 153 153 022 019 019 023 153 153
153 022 019 019 023 022 019 019 023 153 153 153 153 175 020 020 020 020 020 020 020 020 020 020 020 020 025 019 019 024 020 020 020 020 020 176 153 153 022 019 019 019 019 019 019 019 019 019 019 023 153 153 153 153 153 022 019 019 019 019 019 019 019 019 019 019 019 019 019 019 019 019 023 153 153 153 153 153 153 153 153 153 153 153 022 019 019 023 153 153
153 022 019 019 023 022 019 019 023 153 153 153 153 153 153 153 153 173 021 021 021 021 021 021 021 174 022 019 019 023 153 153 153 153 153 153 153 153 022 019 019 024 020 020 020 020 020 020 020 176 153 153 153 153 153 175 020 020 020 020 020 025 019 019 024 025 019 019 024 025 019 019 023 153 153 153 153 153 153 153 153 153 153 153 022 019 019 023 153 153
153 022 019 019 023 022 019 019 023 153 153 153 153 153 153 153 153 022 019 019 019 019 019 019 019 023 022 019 019 023 153 153 153 153 153 153 153 153 022 019 019 026 021 021 021 021 021 021 021 021 021 021 021 026 027 021 021 021 021 021 021 027 019 019 026 027 019 019 023 022 019 019 023 153 153 153 173 021 021 021 021 021 021 174 022 019 019 023 153 153
153 022 019 019 023 022 019 019 026 021 021 021 174 153 153 153 153 022 019 019 019 019 019 019 019 023 022 019 019 023 153 153 153 153 153 153 153 153 022 019 019 019 019 019 019 019 019 019 019 019 019 019 019 023 022 019 019 019 019 019 019 019 019 019 019 019 019 019 023 022 019 019 023 153 153 153 022 019 019 019 019 019 019 023 022 019 019 023 153 153
153 022 019 019 023 022 019 019 019 019 019 019 023 153 153 153 153 022 019 019 024 020 025 019 019 023 022 019 019 026 021 021 021 021 021 174 153 153 022 019 019 019 019 019 019 019 019 019 019 019 019 019 019 023 022 019 019 019 019 019 019 019 019 019 019 019 019 019 023 022 019 019 023 153 153 153 022 019 019 024 025 019 019 026 027 019 019 023 153 153
153 022 019 019 023 022 019 019 019 019 019 019 023 153 153 153 153 022 019 019 023 153 022 019 019 023 022 019 019 019 019 019 019 019 019 023 153 153 022 019 019 019 019 019 019 019 019 019 019 019 019 019 019 023 022 019 019 019 019 019 019 019 019 019 019 019 019 019 023 175 020 020 176 153 153 153 022 019 019 023 022 019 019 019 019 019 019 023 153 153
153 022 019 019 023 175 020 020 020 025 019 019 023 153 153 153 153 022 019 019 023 153 022 019 019 023 022 019 019 019 019 019 019 019 019 023 153 153 022 019 019 019 019 019 019 019 019 019 019 019 019 019 019 023 022 019 019 019 019 019 019 019 019 019 019 019 019 019 023 153 153 153 153 153 153 153 022 019 019 023 022 019 019 019 019 019 019 023 153 153
153 022 019 019 023 153 153 153 153 022 019 019 023 153 153 153 153 022 019 019 023 153 022 019 019 023 022 019 019 024 020 020 025 019 019 023 153 153 022 019 019 019 019 019 019 019 019 019 019 019 019 019 019 023 022 019 019 019 019 019 019 019 019 019 019 019 019 019 023 153 153 153 153 153 153 153 022 019 019 023 175 020 020 020 025 019 019 023 153 153
153 022 019 019 023 173 021 021 021 027 019 019 023 153 153 153 153 022 019 019 023 153 022 019 019 023 022 019 019 023 153 153 022 019 019 023 153 153 022 019 019 019 019 019 019 019 019 019 019 019 019 019 019 023 022 019 019 019 019 019 019 019 019 019 019 019 019 019 023 153 153 153 153 153 153 153 022 019 019 023 153 153 153 153 022 019 019 023 153 153
153 022 019 019 023 022 019 019 019 019 019 019 023 153 153 153 153 022 019 019 023 153 022 019 019 023 022 019 019 023 153 153 022 019 019 023 153 153 022 019 019 019 019 019 019 019 019 019 019 019 019 019 019 023 022 019 019 019 019 019 019 019 019 019 019 019 019 019 023 153 153 153 153 153 153 153 175 020 020 176 153 153 153 153 022 019 019 023 153 153
153 022 019 019 023 022 019 019 019 019 019 019 023 153 153 153 153 022 019 019 023 153 175 020 020 176 022 019 019 023 153 153 022 019 019 023 153 153 022 019 019 019 019 019 019 019 019 019 019 019 019 019 019 026 027 019 019 019 019 019 019 019 019 019 019 019 019 019 023 153 153 153 153 153 153 153 153 153 153 153 153 153 153 153 022 019 019 023 153 153
153 022 019 019 023 022 019 019 024 020 020 020 176 153 153 153 153 022 019 019 023 153 153 153 153 153 022 019 019 023 153 153 022 019 019 023 153 153 022 019 019 019 019 019 019 019 019 019 019 019 019 019 019 019 019 019 019 019 019 019 019 019 019 019 019 019 019 019 023 153 153 153 153 153 153 153 153 153 153 153 153 153 153 153 022 019 019 023 153 153
153 022 019 019 026 027 019 019 023 153 153 153 153 153 153 153 153 022 019 019 023 153 153 153 153 153 022 019 019 023 153 153 022 019 019 023 153 153 022 019 019 019 019 019 019 019 019 019 019 019 019 019 019 019 019 019 019 019 019 019 019 019 019 019 019 019 019 019 026 021 021 021 021 021 021 021 021 021 174 153 153 153 153 153 022 019 019 023 153 153
153 022 019 019 019 019 019 019 023 153 153 153 153 153 153 153 153 022 019 019 023 153 153 153 153 153 022 019 019 023 153 153 022 019 019 023 153 153 022 019 019 019 019 019 019 019 019 019 019 019 019 019 019 019 019 019 019 019 019 019 019 019 019 019 019 019 019 019 019 019 019 019 019 019 019 019 019 019 023 153 153 153 153 153 022 019 019 023 153 153
153 022 019 019 019 019 019 019 023 153 153 153 153 153 153 153 153 022 019 019 023 153 153 153 153 153 022 019 019 023 153 153 022 019 019 023 153 153 022 019 019 019 019 019 019 019 019 019 019 019 019 019 019 019 019 019 019 019 019 019 019 019 019 019 019 019 019 019 019 019 019 019 019 019 019 019 019 019 023 153 153 153 153 153 022 019 019 023 153 153
153 022 019 019 024 020 020 020 176 153 153 153 153 153 153 153 153 022 019 019 023 153 153 153 153 153 022 019 019 023 153 153 022 019 019 026 021 021 027 019 019 019 019 019 019 019 019 019 019 019 019 019 019 019 019 019 019 019 019 019 019 019 019 019 019 019 019 019 024 020 020 020 020 020 020 025 019 019 023 153 153 153 153 153 022 019 019 023 153 153
153 022 019 019 023 153 153 153 153 153 153 153 153 153 153 153 153 022 019 019 023 153 153 153 153 153 022 019 019 023 153 153 022 019 019 019 019 019 019 019 019 019 019 019 019 019 019 019 019 019 019 024 020 020 020 020 025 019 019 019 019 019 019 019 019 019 019 019 023 153 153 153 153 153 153 022 019 019 023 153 153 153 153 153 022 019 019 023 153 153
153 022 019 019 023 153 153 153 153 153 153 173 021 021 021 021 021 027 019 019 026 021 021 021 021 174 022 019 019 023 153 153 022 019 019 019 019 019 019 019 019 019 019 019 019 019 019 019 019 019 019 023 019 019 019 019 022 019 019 019 019 019 019 019 019 019 019 019 023 153 153 153 153 153 153 022 019 019 023 153 153 153 153 153 022 019 019 023 153 153
153 022 019 019 023 153 153 153 153 153 153 022 019 019 019 019 019 019 019 019 019 019 019 019 019 023 022 019 019 023 153 153 175 020 020 020 020 020 025 019 019 019 019 019 019 019 019 019 019 019 019 023 019 019 019 019 022 019 019 019 019 019 019 019 019 019 019 019 026 021 021 021 021 021 021 027 019 019 023 153 153 153 153 153 022 019 019 023 153 153
153 022 019 019 023 153 153 153 153 153 153 022 019 019 019 019 019 019 019 019 019 019 019 019 019 026 027 019 019 023 153 153 153 153 153 153 153 153 022 019 019 019 019 019 019 019 019 019 019 019 019 023 019 019 019 019 022 019 019 019 019 019 019 019 019 019 019 019 019 019 019 019 019 019 019 019 019 019 023 153 153 153 153 153 022 019 019 023 153 153
153 022 019 019 023 153 153 153 153 153 153 022 019 019 019 019 019 019 019 019 019 019 019 019 019 019 019 019 019 023 153 153 153 153 153 153 153 153 022 019 019 019 019 019 019 019 019 019 019 019 019 026 021 021 021 021 027 019 019 019 019 019 019 019 019 019 019 019 019 019 019 019 019 019 019 019 019 019 023 153 153 153 153 153 022 019 019 023 153 153
153 022 019 019 023 153 153 153 153 153 153 022 019 019 019 019 019 019 019 019 019 019 019 019 019 019 019 019 019 023 153 153 153 153 153 153 153 153 022 019 019 019 019 019 019 019 019 019 019 019 019 019 019 019 019 019 019 019 019 019 019 019 019 019 019 019 019 019 024 020 020 020 020 020 020 020 020 020 176 153 153 153 153 153 022 019 019 023 153 153
153 022 019 019 023 153 153 153 153 153 153 022 019 019 019 019 019 019 019 019 019 019 019 019 019 024 020 020 020 176 153 153 153 153 153 153 153 153 022 019 019 019 019 019 019 019 019 019 019 019 019 019 019 019 019 019 019 019 019 019 019 019 019 019 019 019 019 019 023 153 153 153 153 153 153 153 153 153 153 153 153 153 153 153 022 019 019 023 153 153
153 022 019 019 023 153 153 153 153 153 153 022 019 019 019 019 019 019 019 019 019 019 019 019 019 023 153 153 153 153 153 153 153 153 153 153 153 153 022 019 019 019 019 019 019 019 019 019 019 019 019 019 019 019 019 019 019 019 019 019 019 019 019 019 019 019 019 019 023 153 153 153 153 153 153 153 153 153 153 153 153 153 153 153 022 019 019 023 153 153
153 022 019 019 023 153 153 153 153 153 153 022 019 019 019 019 019 019 019 019 019 019 019 019 019 023 153 153 153 153 153 153 153 153 153 153 153 153 022 019 019 019 019 019 019 019 019 019 019 019 019 019 019 019 019 019 019 019 019 019 019 019 019 019 019 019 019 019 023 153 153 153 153 153 153 153 153 153 153 153 153 153 153 153 022 019 019 023 153 153
153 022 019 019 026 021 021 021 174 153 153 022 019 019 019 019 019 019 019 019 019 019 019 019 019 023 153 153 153 153 153 153 153 153 153 153 153 153 022 019 019 019 019 019 019 019 019 019 019 019 019 019 019 019 019 019 019 019 019 019 019 019 019 019 019 019 019 019 023 153 153 153 153 153 153 153 153 153 153 153 153 153 153 153 022 019 019 023 153 153
153 022 019 019 019 019 019 019 023 153 153 022 019 019 019 019 019 019 019 019 019 019 019 019 019 023 153 153 153 153 153 153 153 153 153 153 153 153 022 019 019 019 019 019 019 019 019 019 019 019 019 019 019 019 019 019 019 019 019 019 019 019 019 019 019 019 019 019 023 153 153 153 153 153 153 153 153 153 153 153 153 153 153 153 022 019 019 023 153 153
153 022 019 019 019 019 019 019 023 153 153 022 019 019 019 019 019 019 019 019 019 019 019 019 019 023 153 153 153 153 153 153 153 153 153 153 153 153 022 019 019 019 019 019 019 019 019 019 019 019 019 019 019 019 019 019 019 019 019 019 019 019 019 019 019 019 019 019 023 153 153 153 153 153 153 153 153 153 153 153 153 153 153 153 022 019 019 023 153 153
153 022 019 019 019 019 019 019 023 153 153 022 019 019 019 019 019 019 019 019 019 019 019 019 019 023 153 153 153 153 153 153 153 153 153 153 153 153 022 019 019 019 019 019 019 019 019 019 019 019 019 019 019 019 019 019 019 019 019 019 019 019 019 019 019 019 019 019 023 153 153 153 153 153 153 153 153 153 153 153 153 153 153 153 022 019 019 023 153 153
153 022 019 019 019 019 019 019 023 153 153 022 019 019 019 019 019 019 019 019 019 019 019 019 019 023 153 153 153 153 153 153 153 153 153 153 153 153 175 020 020 020 020 020 020 020 020 020 020 020 020 020 025 019 019 024 020 020 020 020 020 020 020 020 020 020 020 020 024 153 153 153 153 153 153 153 153 153 153 153 153 153 153 153 022 019 019 023 153 153
153 022 019 019 019 019 019 019 023 153 153 022 019 019 019 019 019 019 019 019 019 019 019 019 019 023 153 153 153 153 153 153 153 153 153 153 153 153 153 153 153 153 153 153 153 153 153 153 153 153 153 153 022 019 019 023 153 153 153 153 153 153 153 153 153 153 153 153 153 153 153 153 153 153 153 153 153 153 153 153 153 153 153 153 022 019 019 023 153 153
153 022 019 019 019 019 019 019 023 153 153 175 020 020 020 020 020 025 019 019 024 020 020 020 020 176 153 153 153 153 153 153 153 153 153 153 153 153 153 153 153 153 153 153 153 153 153 153 153 153 153 153 022 019 019 023 153 153 153 153 153 153 153 153 153 153 153 153 153 153 153 153 153 153 153 153 153 153 153 153 153 153 153 153 022 019 019 023 153 153
153 022 019 019 019 019 019 019 023 153 153 153 153 153 153 153 153 022 019 019 023 153 153 153 153 153 153 153 153 153 153 153 153 153 153 153 153 153 153 153 153 153 153 153 153 153 153 153 153 153 153 153 022 019 019 023 153 153 153 153 153 153 153 153 153 153 153 153 153 153 153 153 153 153 153 153 153 153 153 153 153 153 153 153 022 019 019 023 153 153
153 175 025 019 019 019 019 024 176 153 153 153 153 153 153 153 153 022 019 019 023 153 153 153 153 153 153 153 153 153 153 153 153 153 153 153 153 173 021 021 021 021 021 021 021 021 174 153 153 153 153 153 022 019 019 023 153 153 153 153 153 153 153 153 153 153 153 153 153 153 153 153 153 153 153 153 153 153 153 153 153 153 153 153 022 019 019 023 153 153
153 153 022 019 019 019 019 023 153 153 153 153 153 153 153 153 153 022 019 019 023 153 153 153 153 153 153 153 153 153 153 153 153 153 153 153 153 022 019 019 019 019 019 019 019 019 023 153 153 153 153 153 022 019 019 023 153 153 153 153 153 153 153 153 153 153 153 153 153 153 153 153 153 153 153 153 153 153 153 153 153 153 153 153 022 019 019 023 153 153
153 153 022 019 019 019 019 023 153 153 153 153 153 153 153 153 153 022 019 019 023 153 153 153 153 153 153 153 153 153 153 153 153 153 153 153 153 022 019 019 019 019 019 019 019 019 023 153 153 153 153 153 022 019 019 023 153 153 153 153 153 153 153 153 153 153 153 153 153 153 153 153 153 153 153 153 153 153 153 153 153 153 153 153 022 019 019 023 153 153
153 153 022 019 019 019 019 023 153 153 153 153 153 153 153 153 153 022 019 019 023 153 153 153 153 153 153 153 153 153 153 153 153 153 153 153 153 022 019 019 019 019 019 019 019 019 023 153 153 153 153 153 022 019 019 023 153 153 153 153 153 153 153 153 153 153 153 153 153 153 153 153 153 153 153 153 153 153 153 153 153 153 153 153 022 019 019 023 153 153
153 153 022 019 019 019 019 023 153 153 153 153 153 153 153 153 153 022 019 019 026 021 021 021 021 021 021 021 021 174 153 153 153 153 153 153 153 022 019 019 019 019 019 019 019 019 023 153 153 153 153 153 022 019 019 023 153 153 153 153 153 153 153 153 153 153 153 153 153 153 153 153 153 153 153 153 153 153 153 153 153 153 153 153 022 019 019 023 153 153
153 153 175 020 020 020 020 176 153 153 153 153 153 153 153 153 153 022 019 019 019 019 019 019 019 019 019 019 019 023 153 153 153 153 153 153 153 022 019 019 019 019 019 019 019 019 023 153 153 153 153 153 022 019 019 026 021 021 021 021 021 021 021 021 021 021 021 021 021 021 021 021 021 021 021 021 021 021 021 021 021 021 021 021 027 019 019 023 153 153
153 153 153 153 153 153 153 153 153 153 153 153 153 153 153 153 153 022 019 019 019 019 019 019 019 019 019 019 019 023 153 153 153 153 153 153 153 022 019 019 019 019 019 019 019 019 023 153 153 153 153 153 022 019 019 019 019 019 019 019 019 019 019 019 019 019 019 019 019 019 019 019 019 019 019 019 019 019 019 019 019 019 019 019 019 019 019 023 153 153
153 153 153 153 153 153 153 153 153 153 153 153 153 153 153 153 153 175 020 020 020 020 020 020 020 020 025 019 019 023 153 153 153 153 153 153 153 022 019 019 019 019 019 019 019 019 023 153 153 153 153 153 022 019 019 019 019 019 019 019 019 019 019 019 019 019 019 019 019 019 019 019 019 019 019 019 019 019 019 019 019 019 019 019 019 019 019 023 153 153
153 153 153 153 153 153 173 021 021 021 021 021 021 174 153 153 173 021 021 021 021 021 021 021 021 021 027 019 019 023 153 153 153 153 153 153 153 175 020 020 025 019 019 024 020 020 176 153 153 153 153 153 022 019 019 024 020 020 020 020 020 020 020 020 020 020 020 020 020 020 020 020 020 020 025 019 019 024 020 020 020 020 020 020 020 020 020 176 153 153
153 153 153 153 153 153 022 019 019 019 019 019 019 023 153 153 022 019 019 019 019 019 019 019 019 019 019 019 019 023 153 153 153 153 153 153 153 153 153 153 022 019 019 023 153 153 153 153 153 153 153 153 022 019 019 023 153 153 153 153 153 153 153 153 153 153 153 153 153 153 153 153 153 153 022 019 019 023 153 153 153 153 153 153 153 153 153 153 153 153
153 153 153 153 153 153 022 019 019 019 019 019 019 023 153 153 022 019 019 019 019 019 019 019 019 019 019 019 019 023 153 153 153 153 153 153 153 153 153 153 022 019 019 023 153 153 153 153 153 153 153 153 022 019 019 023 153 153 153 153 153 153 153 153 153 153 153 153 153 153 153 153 153 153 022 019 019 023 153 153 153 153 153 153 153 153 153 153 153 153
153 153 153 153 153 153 175 020 020 020 025 019 019 023 153 153 022 019 019 019 019 019 019 019 019 019 019 019 019 026 021 021 021 021 021 021 021 174 153 153 022 019 019 023 153 153 153 153 153 153 153 153 022 019 019 023 153 153 153 153 153 153 153 153 153 153 153 153 153 153 173 021 021 021 027 019 019 026 021 021 021 174 153 153 153 153 153 153 153 153
153 153 153 153 153 153	173 021 021 021 027 019 019 026 021 021 027 019 019 019 019 019 019 019 019 019 019 019 019 019 019 019 019 019 019 019 019 023 153 153 022 019 019 023 153 153 153 153 153 153 153 153 022 019 019 023 153 153 153 153 153 153 153 153 153 153 153 153 153 153 022 019 019 019 019 019 019 019 019 019 019 023 153 153 153 153 153 153 153 153
153 153 153 153 153 153 022 019 019 019 019 019 019 019 019 019 019 019 019 019 019 019 019 019 019 019 019 019 019 019 019 019 019 019 019 019 019 023 153 153 022 019 019 023 153 153 153 153 153 153 153 153 022 019 019 026 021 021 021 021 174 153 153 153 173 021 021 021 021 021 027 019 019 019 019 019 019 019 019 019 019 026 021 021 021 021 021 174 153 153
153 153 153 153 153 153 022 019 019 019 019 019 019 019 019 019 019 019 019 019 019 019 019 019 019 019 019 019 019 019 019 019 019 019 019 019 019 023 153 153 022 019 019 023 153 153 153 153 153 153 153 153 022 019 019 019 019 019 019 019 023 153 153 153 022 019 019 019 019 019 019 019 019 019 019 019 019 019 019 019 019 019 019 019 019 019 019 023 153 153
153 153 153 153 153 153 175 020 020 020 025 019 019 024 020 020 025 019 019 019 019 019 019 019 019 019 019 019 019 024 020 020 020 020 020 020 020 176 153 153 022 019 019 023 153 153 153 153 153 153 153 153 022 019 019 019 019 019 019 019 023 153 153 153 022 019 019 019 019 019 019 019 019 019 019 019 019 019 019 019 019 019 019 019 019 019 019 023 153 153
153 153 153 153 153 153 173 021 021 021 027 019 019 023 153 153 022 019 019 019 019 019 019 019 019 019 019 019 019 023 153 153 153 153 153 153 153 153 153 153 022 019 019 026 021 021 021 021 021 174 153 153 022 019 019 024 020 025 019 019 023 153 153 153 022 019 019 024 020 020 025 019 019 019 019 019 019 019 019 019 019 024 020 020 025 019 019 023 153 153
153 153 153 153 153 153 022 019 019 019 019 019 019 023 153 153 022 019 019 019 019 019 019 019 019 019 019 019 019 023 153 153 153 153 153 153 153 153 153 153 022 019 019 019 019 019 019 019 019 023 153 153 022 019 019 023	153 022 019 019 023 153 153 153 022 019 019 023 153 153 022 019 019 019 019 019 019 019 019 019 019 023 153 153 022 019 019 023 153 153
153 153 153 153 153 153 022 019 019 019 019 019 019 023 153 153 022 019 019 019 019 024 020 020 025 019 019 019 019 023 153 153 153 153 153 153 153 153 153 153 022 019 019 019 019 019 019 019 019 023 153 153 022 019 019 023 153 022 019 019 023 153 153 153 022 019 019 023 153 153 175 020 020 020 025 019 019 024 020 020 020 176 153 153 022 019 019 023 153 153
153 153 153 153 153 153 175 020 020 020 020 020 020 176 153 153 022 019 019 019 019 023 153 153 022 019 019 019 019 023 153 153 153 153 153 153 153 153 153 153 022 019 019 024 020 020 025 019 019 026 021 021 027 019 019 023 153 022 019 019 023 153 153 153 022 019 019 023 153 153 153 153 153 153 022 019 019 023 153 153 153 153 153 153 022 019 019 023 153 153
153 153 153 153 153 153 153 153 153 153 153 153 153 153 153 153 022 019 019 019 019 023 153 153 022 019 019 019 019 023 153 153 153 153 153 153 153 153 153 153 022 019 019 023 153 153 022 019 019 019 019 019 019 019 019 023 153 022 019 019 023 153 153 153 175 020 020 176 153 153 153 153 153 153 022 019 019 023 153 153 153 153 153 153 175 020 020 176 153 153
153 153 153 153 153 153 153 153 153 153 153 153 153 153 153 153 022 019 019 019 019 023 153 153 022 019 019 019 019 023 153 153 153 153 153 153 153 153 153 153 022 019 019 023 153 153 022 019 019 019 019 019 019 019 019 023 153 022 019 019 023 153 153 153 153 153 153 153 153 153 153 153 153 153 022 019 019 023 153 153 153 153 153 153 153 153 153 153 153 153
153 153 153 153 153 153 153 153 153 153 153 153 153 153 153 153 175 020 020 020 020 176 153 153 175 020 020 020 020 176 153 153 153 153 153 153 153 153 153 153 175 020 020 176 153 153 175 020 020 020 020 020 020 020 020 176 153 175 020 020 176 153 153 153 153 153 153 153 153 153 153 153 153 153 175 020 020 176 153 153 153 153 153 153 153 153 153 153 153 153 
153 153 153 153 153 153 153 153 153 153 153 153 153 153 153 153 153 153 153 153 153 153 153 153 153 153 153 153 153 153 153 153 153 153 153 153 153 153 153 153 153 153 153 153 153 153 153 153 153 153 153 153 153 153 153 153 153 153 153 153 153 153 153 153 153 153 153 153 153 153 153 153 153 153 153 153 153 153 153 153 153 153 153 153 153 153 153 153 153 153