90 118
192 192
182 182 182 182 182 182 182 182 182 182 182 182 182 182 182 182 182 182 182 182 182 182 182 182 182 182 182 182 182 182 182 182 182 182 182 182 182 182 182 182 182 182 182 182 182 182 182 182 182 182 182 182 182 182 182 182 182 182 182 182 182 182 182 182 182 182 182 182 182 182 182 182 182 182 182 182 182 182 182 182 182 182 182 182 182 182 182 182 182 182
124 124 124 124 124 124 124 124 124 124 124 124 124 124 124 124 124 124 124 124 124 124 124 124 124 124 124 124 129 182 182 182 182 182 182 182 182 182 182 182 182 182 182 182 182 182 182 182 182 182 182 182 182 182 182 182 182 128 124 124 124 124 124 124 124 124 124 124 124 124 124 124 124 124 124 124 129 182 182 182 182 182 182 182 182 182 182 182 182 182
123 123 123 123 123 123 123 123 123 123 123 123 123 123 123 123 123 123 123 123 123 123 123 123 123 123 123 123 127 182 182 182 182 182 182 182 182 182 182 182 182 182 182 182 182 182 182 182 182 182 182 182 182 182 182 182 182 126 123 123 123 123 123 123 123 123 123 123 123 123 123 123 123 123 123 123 127 182 182 182 182 182 182 182 182 182 182 182 182 182
123 123 123 123 123 123 123 123 123 123 123 123 123 123 123 123 123 123 123 123 123 123 123 123 123 123 123 123 127 182 182 182 182 182 182 182 182 182 182 182 182 182 182 182 182 182 182 182 182 182 182 182 182 128 124 124 129 126 123 123 123 123 123 123 123 123 123 123 123 123 123 123 123 123 123 123 127 182 182 182 182 182 182 182 182 182 182 182 182 182
125 125 125 125 125 125 125 125 125 125 125 125 125 125 125 125 125 129 123 123 128 125 125 125 125 129 123 123 127 182 182 182 182 182 182 182 182 182 182 182 182 182 182 182 182 182 182 182 182 182 182 182 182 126 123 123 127 126 123 123 128 129 123 123 128 125 125 125 125 125 125 125 125 129 123 123 127 182 182 182 182 182 182 182 182 182 182 182 182 182
182 128 124 124 124 124 124 124 124 124 124 124 124 124 124 124 124 131 123 123 130 124 124 124 129 126 123 123 127 182 182 182 182 182 182 182 182 182 182 182 182 182 182 182 182 182 182 182 182 182 182 182 182 126 123 123 130 131 123 123 127 126 123 123 127 128 124 124 124 124 124 124 129 126 123 123 130 124 124 124 124 124 124 124 124 124 124 124 129 182
182 126 123 123 123 123 123 123 123 123 123 123 123 123 123 123 123 123 123 123 123 123 123 123 127 126 123 123 127 182 182 182 182 182 182 182 182 182 182 182 182 182 182 182 182 182 182 182 182 182 182 182 182 126 123 123 123 123 123 123 127 126 123 123 127 126 123 123 123 123 123 123 127 126 123 123 123 123 123 123 123 123 123 123 123 123 123 123 127 182
182 126 123 123 123 123 123 123 123 123 123 123 123 123 123 123 123 123 123 123 123 123 123 123 127 126 123 123 127 182 182 182 182 182 182 182 182 182 182 182 182 182 182 182 182 182 182 182 182 182 182 182 182 126 123 123 123 123 123 123 127 126 123 123 127 126 123 123 123 123 123 123 127 126 123 123 123 123 123 123 123 123 123 123 123 123 123 123 127 182
182 126 123 123 123 123 123 123 123 123 123 123 123 123 123 123 123 123 123 123 123 123 123 123 127 126 123 123 127 182 182 182 182 182 182 182 182 182 182 182 182 182 182 182 182 182 182 182 182 182 182 182 182 130 125 125 125 125 125 125 131 126 123 123 127 126 123 123 128 125 125 125 131 130 125 125 125 125 125 125 125 125 125 125 125 129 123 123 127 182
182 126 123 123 123 123 123 123 123 123 123 123 123 123 123 123 123 123 123 123 123 123 123 123 127 126 123 123 127 182 182 182 182 182 182 182 182 182 182 182 182 128 124 124 124 124 124 124 124 124 124 124 124 124 124 124 124 124 124 124 129 126 123 123 127 126 123 123 130 124 124 124 124 124 124 124 124 124 124 124 124 124 124 124 129 126 123 123 127 182
182 126 123 123 123 123 123 123 123 123 123 123 123 123 123 123 123 123 123 123 123 123 123 123 127 126 123 123 127 182 182 182 182 182 182 182 182 182 182 182 182 126 123 123 123 123 123 123 123 123 123 123 123 123 123 123 123 123 123 123 127 126 123 123 127 126 123 123 123 123 123 123 123 123 123 123 123 123 123 123 123 123 123 123 127 126 123 123 127 182
182 126 123 123 123 123 123 123 123 123 123 123 123 123 123 123 123 123 123 123 123 123 123 123 127 126 123 123 127 182 182 182 182 182 182 182 182 182 182 182 182 126 123 123 123 123 123 123 123 123 123 123 123 123 123 123 123 123 123 123 127 126 123 123 127 126 123 123 123 123 123 123 123 123 123 123 123 123 123 123 123 123 123 123 127 126 123 123 127 182
182 126 123 123 123 123 123 123 123 123 123 123 123 123 123 123 123 123 123 123 123 123 123 123 127 126 123 123 127 182 182 182 182 182 182 182 182 182 182 182 182 126 123 123 123 123 123 123 123 123 123 123 123 123 123 123 123 123 123 123 127 126 123 123 127 130 125 125 125 125 125 125 125 129 123 123 128 125 125 125 125 125 125 125 131 126 123 123 127 182
182 126 123 123 123 123 123 123 123 123 123 123 123 123 123 123 123 123 123 123 123 123 123 123 127 126 123 123 127 182 182 182 182 182 182 182 182 182 182 182 182 126 123 123 123 123 123 123 123 123 123 123 123 123 123 123 123 123 123 123 130 131 123 123 127 128 124 124 124 124 124 124 124 131 123 123 130 124 124 124 124 124 124 124 129 126 123 123 127 182
182 126 123 123 123 123 123 123 123 123 123 123 123 123 123 123 123 123 123 123 123 123 123 123 127 126 123 123 127 182 182 182 182 182 182 182 182 182 182 182 182 126 123 123 123 123 123 123 123 123 123 123 123 123 123 123 123 123 123 123 123 123 123 123 127 126 123 123 123 123 123 123 123 123 123 123 123 123 123 123 123 123 123 123 127 126 123 123 127 182
182 126 123 123 123 123 123 123 123 123 123 123 123 123 123 123 123 123 123 123 123 123 123 123 127 126 123 123 127 182 182 182 182 182 182 182 182 182 182 182 182 126 123 123 123 123 123 123 123 123 123 123 123 123 123 123 123 123 123 123 123 123 123 123 127 126 123 123 123 123 123 123 123 123 123 123 123 123 123 123 123 123 123 123 127 126 123 123 127 182
182 126 123 123 123 123 123 123 123 123 123 123 123 123 123 123 123 123 123 123 123 123 123 123 127 126 123 123 127 182 182 182 182 182 182 182 182 182 182 182 182 126 123 123 123 123 123 123 123 123 123 123 123 123 123 123 123 123 123 123 128 125 125 125 131 126 123 123 123 123 123 123 123 123 123 123 123 123 123 123 123 123 123 123 127 126 123 123 127 182
182 126 123 123 123 123 123 123 123 123 123 123 123 123 123 123 123 123 123 123 123 123 123 123 127 126 123 123 130 124 124 124 124 124 124 124 124 124 124 124 124 131 123 123 123 123 123 123 123 123 123 123 123 123 123 123 123 123 123 123 127 182 182 182 182 126 123 123 123 123 123 123 123 123 123 123 123 123 123 123 123 123 123 123 130 131 123 123 127 182
182 126 123 123 123 123 123 123 123 123 123 123 123 123 123 123 123 123 123 123 123 123 123 123 127 126 123 123 123 123 123 123 123 123 123 123 123 123 123 123 123 123 123 123 123 123 123 123 123 123 123 123 123 123 123 123 123 123 123 123 127 182 182 182 182 126 123 123 123 123 123 123 123 123 123 123 123 123 123 123 123 123 123 123 123 123 123 123 127 182
182 126 123 123 123 123 123 123 123 123 123 123 123 123 123 123 123 123 123 123 123 123 123 123 127 126 123 123 123 123 123 123 123 123 123 123 123 123 123 123 123 123 123 123 123 123 123 123 123 123 123 123 123 123 123 123 123 123 123 123 127 128 124 124 129 126 123 123 123 123 123 123 123 123 123 123 123 123 123 123 123 123 123 123 123 123 123 123 127 182
182 126 123 123 123 123 123 123 123 123 123 123 123 123 123 123 123 123 123 123 123 123 123 123 127 130 125 125 125 125 125 125 125 125 125 125 125 125 125 125 125 129 123 123 123 123 123 123 123 123 123 123 123 123 123 123 123 123 123 123 127 126 123 123 127 126 123 123 123 123 123 123 123 123 123 123 123 123 123 123 123 123 123 123 128 125 125 125 131 182
182 126 123 123 123 123 123 123 123 123 123 123 123 123 123 123 123 123 123 123 123 123 123 123 130 124 124 124 124 124 124 124 124 124 124 124 124 124 124 124 124 131 123 123 123 123 123 123 123 123 123 123 123 123 123 123 123 123 123 123 127 126 123 123 127 126 123 123 123 123 123 123 123 123 123 123 123 123 123 123 123 123 123 123 127 182 182 182 182 182
182 126 123 123 123 123 123 123 123 123 123 123 123 123 123 123 123 123 123 123 123 123 123 123 123 123 123 123 123 123 123 123 123 123 123 123 123 123 123 123 123 123 123 123 123 123 123 123 123 123 123 123 123 123 123 123 123 123 123 123 127 126 123 123 127 126 123 123 123 123 123 123 123 123 123 123 123 123 123 123 123 123 123 123 127 182 182 182 182 182
182 126 123 123 123 123 123 123 123 123 123 123 123 123 123 123 123 123 123 123 123 123 123 123 123 123 123 123 123 123 123 123 123 123 123 123 123 123 123 123 123 123 123 123 123 123 123 123 123 123 123 123 123 123 123 123 123 123 123 123 127 126 123 123 127 126 123 123 123 123 123 123 123 123 123 123 123 123 123 123 123 123 123 123 127 182 182 182 182 182
182 126 123 123 123 123 123 123 123 123 123 123 123 123 123 123 123 123 123 123 123 123 123 123 128 125 125 125 125 125 125 125 125 125 125 125 125 129 123 123 128 129 123 123 123 123 123 123 123 123 123 123 123 123 123 123 123 123 123 123 127 126 123 123 127 126 123 123 123 123 123 123 123 123 123 123 123 123 123 123 123 123 123 123 127 182 182 182 182 182
182 126 123 123 123 123 123 123 123 123 123 123 123 123 123 123 123 123 123 123 123 123 123 123 130 124 124 124 129 128 124 124 124 124 124 124 124 131 123 123 127 126 123 123 123 123 123 123 123 123 123 123 123 123 123 123 123 123 123 123 127 126 123 123 127 126 123 123 123 123 123 123 123 123 123 123 123 123 123 123 123 123 123 123 127 182 182 182 182 182
182 126 123 123 123 123 123 123 123 123 123 123 123 123 123 123 123 123 123 123 123 123 123 123 123 123 123 123 127 126 123 123 123 123 123 123 123 123 123 123 127 126 123 123 123 123 123 123 123 123 123 123 123 123 123 123 123 123 123 123 127 126 123 123 127 126 123 123 123 123 123 123 123 123 123 123 123 123 123 123 123 123 123 123 127 182 182 182 182 182
182 126 123 123 123 123 123 123 123 123 123 123 123 123 123 123 123 123 123 123 123 123 123 123 123 123 123 123 127 126 123 123 123 123 123 123 123 123 123 123 127 126 123 123 123 123 123 123 123 123 123 123 123 123 123 123 123 123 123 123 127 126 123 123 130 131 123 123 123 123 123 123 123 123 123 123 123 123 123 123 123 123 123 123 127 182 182 182 182 182
182 126 123 123 128 125 125 125 125 125 125 125 125 125 125 125 125 125 125 125 125 125 125 125 125 129 123 123 127 126 123 123 128 125 125 125 125 125 125 125 131 126 123 123 123 123 123 123 123 123 123 123 123 123 123 123 123 123 123 123 127 126 123 123 123 123 123 123 123 123 123 123 123 123 123 123 123 123 123 123 123 123 123 123 127 182 182 182 182 182
182 126 123 123 127 128 124 124 124 124 124 124 124 124 124 124 124 124 124 124 124 124 124 124 124 131 123 123 127 126 123 123 127 182 182 182 182 182 182 182 182 126 123 123 123 123 123 123 123 123 123 123 123 123 123 123 123 123 123 123 127 126 123 123 123 123 123 123 123 123 123 123 123 123 123 123 123 123 123 123 123 123 123 123 127 182 182 182 182 182
182 126 123 123 127 126 123 123 123 123 123 123 123 123 123 123 123 123 123 123 123 123 123 123 123 123 123 123 127 126 123 123 127 182 182 182 182 182 182 182 182 126 123 123 123 123 123 123 123 123 123 123 123 123 123 123 123 123 123 123 127 126 123 123 128 129 123 123 123 123 123 123 123 123 123 123 123 123 123 123 123 123 123 123 127 182 182 182 182 182
182 126 123 123 127 126 123 123 123 123 123 123 123 123 123 123 123 123 123 123 123 123 123 123 123 123 123 123 127 126 123 123 127 182 182 182 182 182 182 182 182 126 123 123 123 123 123 123 123 123 123 123 123 123 123 123 123 123 123 123 127 126 123 123 127 126 123 123 123 123 123 123 123 123 123 123 123 123 123 123 123 123 123 123 127 182 182 182 182 182
182 126 123 123 127 126 123 123 128 125 125 125 125 125 125 125 125 125 125 125 125 125 125 125 125 125 125 125 131 126 123 123 127 182 182 182 182 182 182 182 182 126 123 123 123 123 123 123 123 123 123 123 123 123 123 123 123 123 123 123 127 126 123 123 127 126 123 123 123 123 123 123 123 123 123 123 123 123 123 123 123 123 123 123 127 182 182 182 182 182
182 126 123 123 127 126 123 123 127 128 124 124 124 124 124 124 124 124 124 124 124 124 124 124 124 124 124 124 124 131 123 123 127 182 182 182 182 182 182 182 182 126 123 123 123 123 123 123 123 123 123 123 123 123 123 123 123 123 123 123 127 126 123 123 127 126 123 123 123 123 123 123 123 123 123 123 123 123 123 123 123 123 123 123 127 182 182 182 182 182
182 126 123 123 127 126 123 123 127 126 123 123 123 123 123 123 123 123 123 123 123 123 123 123 123 123 123 123 123 123 123 123 127 182 182 182 182 182 182 182 182 130 125 125 125 125 125 125 125 125 125 125 125 125 125 125 125 125 125 125 131 126 123 123 127 126 123 123 123 123 123 123 123 123 123 123 123 123 123 123 123 123 123 123 127 182 182 182 182 182 
182 126 123 123 127 126 123 123 127 126 123 123 123 123 123 123 123 123 123 123 123 123 123 123 123 123 123 123 123 123 123 123 127 128 124 124 124 124 124 124 124 124 124 124 124 124 124 124 124 124 124 124 124 124 124 124 124 124 124 124 124 131 123 123 127 126 123 123 123 123 123 123 123 123 123 123 123 123 123 123 123 123 123 123 127 182 182 182 182 182
182 126 123 123 127 126 123 123 127 126 123 123 123 123 123 123 123 123 123 123 123 123 123 123 123 123 123 123 123 123 123 123 127 126 123 123 123 123 123 123 123 123 123 123 123 123 123 123 123 123 123 123 123 123 123 123 123 123 123 123 123 123 123 123 127 126 123 123 123 123 123 123 123 123 123 123 123 123 123 123 123 123 123 123 127 182 182 182 182 182 
182 126 123 123 127 126 123 123 127 126 123 123 123 123 123 123 123 123 123 123 123 123 123 123 123 123 123 123 123 123 123 123 127 126 123 123 123 123 123 123 123 123 123 123 123 123 123 123 123 123 123 123 123 123 123 123 123 123 123 123 123 123 123 123 127 126 123 123 123 123 123 123 123 123 123 123 123 123 123 123 123 123 123 123 127 182 182 182 182 182 
182 126 123 123 127 126 123 123 127 126 123 123 123 123 123 123 123 123 123 123 123 123 123 123 123 123 123 123 123 123 123 123 127 126 123 123 128 125 125 125 125 125 125 125 125 125 125 125 125 125 125 125 125 125 125 125 125 125 125 125 125 125 125 125 131 130 125 125 125 129 123 123 128 129 123 123 128 125 125 125 125 125 125 125 131 182 182 182 182 182 
182 126 123 123 127 126 123 123 127 126 123 123 123 123 123 123 123 123 123 123 123 123 123 123 123 123 123 123 123 123 123 123 127 126 123 123 127 128 124 124 124 124 124 124 124 124 124 124 124 124 124 124 124 124 124 124 124 124 124 124 124 124 124 124 124 124 124 124 124 131 123 123 127 126 123 123 127 182 182 182 182 182 182 182 182 182 182 182 182 182 
182 126 123 123 127 126 123 123 127 126 123 123 123 123 123 123 123 123 123 123 123 123 123 123 123 123 123 123 123 123 123 123 127 126 123 123 127 126 123 123 123 123 123 123 123 123 123 123 123 123 123 123 123 123 123 123 123 123 123 123 123 123 123 123 123 123 123 123 123 123 123 123 127 126 123 123 127 182 182 182 182 182 182 182 182 182 182 182 182 182 
182 126 123 123 127 126 123 123 127 126 123 123 123 123 123 123 123 123 123 123 123 123 123 123 123 123 123 123 123 123 123 123 127 126 123 123 127 126 123 123 123 123 123 123 123 123 123 123 123 123 123 123 123 123 123 123 123 123 123 123 123 123 123 123 123 123 123 123 123 123 123 123 127 126 123 123 127 182 182 182 182 182 182 182 182 182 182 182 182 182 
182 126 123 123 127 126 123 123 127 126 123 123 123 123 123 123 123 123 123 123 123 123 123 123 123 123 123 123 123 123 123 123 127 126 123 123 127 126 123 123 128 125 125 125 125 125 125 125 125 125 125 125 125 125 125 125 125 125 125 125 125 125 125 125 125 125 125 125 125 125 125 125 131 126 123 123 127 182 182 182 182 182 182 182 182 182 182 182 182 182 
182 126 123 123 127 126 123 123 127 126 123 123 123 123 123 123 123 123 123 123 123 123 123 123 123 123 123 123 123 123 123 123 127 126 123 123 127 126 123 123 127 128 124 124 124 124 124 124 124 124 124 124 124 124 124 124 124 124 124 124 124 124 124 124 129 182 182 182 182 182 182 182 182 126 123 123 127 182 182 182 182 182 182 182 182 182 182 182 182 182 
182 126 123 123 127 126 123 123 127 126 123 123 123 123 123 123 123 123 123 123 123 123 123 123 123 123 123 123 123 123 123 123 127 126 123 123 127 126 123 123 127 126 123 123 123 123 123 123 123 123 123 123 123 123 123 123 123 123 123 123 123 123 123 123 127 182 182 182 182 182 182 182 182 126 123 123 127 182 182 182 182 182 182 182 182 182 182 182 182 182 
182 126 123 123 127 126 123 123 127 126 123 123 123 123 123 123 123 123 123 123 123 123 123 123 123 123 123 123 123 123 123 123 127 126 123 123 127 126 123 123 127 126 123 123 123 123 123 123 123 123 123 123 123 123 123 123 123 123 123 123 123 123 123 123 127 182 182 182 182 182 182 182 182 126 123 123 127 182 182 182 182 182 182 182 182 182 182 182 182 182 
182 126 123 123 127 126 123 123 127 126 123 123 123 123 123 123 123 123 123 123 123 123 123 123 123 123 123 123 123 123 123 123 127 126 123 123 127 126 123 123 127 126 123 123 128 129 123 123 123 123 123 123 123 123 123 123 123 123 123 123 123 123 123 123 127 182 182 182 182 182 182 182 182 126 123 123 130 124 124 124 129 128 124 124 124 124 124 124 129 182 
182 126 123 123 127 126 123 123 127 126 123 123 123 123 123 123 123 123 123 123 123 123 123 123 123 123 123 123 123 123 123 123 127 126 123 123 127 126 123 123 127 126 123 123 130 131 123 123 123 123 123 123 123 123 123 123 123 123 123 123 123 123 123 123 127 182 182 182 182 182 182 182 182 126 123 123 123 123 123 123 127 126 123 123 123 123 123 123 127 182 
182 126 123 123 127 126 123 123 127 126 123 123 123 123 123 123 123 123 123 123 123 123 123 123 123 123 123 123 123 123 123 123 127 126 123 123 127 126 123 123 127 126 123 123 123 123 123 123 123 123 123 123 123 123 123 123 123 123 123 123 123 123 123 123 127 182 182 182 182 182 182 182 182 126 123 123 123 123 123 123 127 126 123 123 123 123 123 123 127 182 
182 130 125 125 131 126 123 123 127 126 123 123 123 123 123 123 123 123 123 123 123 123 123 123 123 123 123 123 123 123 123 123 127 126 123 123 127 126 123 123 127 126 123 123 123 123 123 123 123 123 123 123 123 123 123 123 123 123 123 123 123 123 123 123 127 182 182 182 182 182 182 182 182 130 125 125 125 129 123 123 127 130 125 125 125 129 123 123 127 182 
182 128 124 124 124 131 123 123 127 126 123 123 123 123 123 123 123 123 123 123 123 123 123 123 123 123 123 123 123 123 123 123 127 126 123 123 127 126 123 123 127 126 123 123 128 129 123 123 123 123 123 123 123 123 123 123 123 123 123 123 123 123 123 123 127 182 182 182 182 182 182 182 182 182 182 182 182 126 123 123 127 182 182 182 182 126 123 123 127 182 
182 126 123 123 123 123 123 123 127 126 123 123 123 123 123 123 123 123 123 123 123 123 123 123 123 123 123 123 123 123 123 123 127 126 123 123 127 126 123 123 127 126 123 123 127 126 123 123 123 123 123 123 123 123 123 123 123 123 123 123 123 123 123 123 127 182 182 182 182 182 182 182 182 182 182 182 182 126 123 123 127 182 182 182 182 126 123 123 127 182 
182 126 123 123 123 123 123 123 127 126 123 123 123 123 123 123 123 123 123 123 123 123 123 123 123 123 123 123 123 123 123 123 127 126 123 123 127 126 123 123 127 126 123 123 127 126 123 123 123 123 123 123 123 123 123 123 123 123 123 123 123 123 123 123 127 182 182 182 182 182 182 182 182 182 182 182 182 126 123 123 127 182 182 182 182 126 123 123 127 182
182 126 123 123 128 125 125 125 131 126 123 123 123 123 123 123 123 123 123 123 123 123 123 123 123 123 123 123 123 123 123 123 127 126 123 123 127 126 123 123 127 126 123 123 127 126 123 123 123 123 123 123 123 123 123 123 123 123 123 123 123 123 123 123 127 182 182 182 182 182 182 182 182 182 182 182 182 126 123 123 127 182 182 182 182 126 123 123 127 182 
182 126 123 123 127 182 182 182 182 126 123 123 123 123 123 123 123 123 123 123 123 123 123 123 123 123 123 123 123 123 123 123 127 126 123 123 127 126 123 123 127 126 123 123 127 126 123 123 123 123 123 123 123 123 123 123 123 123 123 123 123 123 123 123 127 182 182 182 182 128 124 124 124 124 124 124 124 131 123 123 127 182 182 182 182 126 123 123 127 182
182 126 123 123 127 182 182 182 182 126 123 123 123 123 123 123 123 123 123 123 123 123 123 123 123 123 123 123 123 123 123 123 127 126 123 123 127 126 123 123 127 126 123 123 127 126 123 123 123 123 123 123 123 123 123 123 123 123 123 123 123 123 123 123 127 182 182 182 182 126 123 123 123 123 123 123 123 123 123 123 127 182 182 182 182 126 123 123 127 182
182 126 123 123 127 182 182 182 182 126 123 123 123 123 123 123 123 123 123 123 123 123 123 123 123 123 123 123 123 123 123 123 127 126 123 123 127 126 123 123 127 126 123 123 127 126 123 123 123 123 123 123 123 123 123 123 123 123 123 123 123 123 123 123 127 182 182 182 182 126 123 123 123 123 123 123 123 123 123 123 127 182 182 182 182 126 123 123 127 182
182 126 123 123 127 182 182 182 182 126 123 123 128 125 125 125 125 125 125 125 125 125 125 125 125 125 125 125 125 125 125 125 131 126 123 123 127 126 123 123 127 126 123 123 127 126 123 123 123 123 123 123 123 123 123 123 123 123 123 123 123 123 123 123 127 182 182 182 182 126 123 123 128 125 125 125 125 125 125 125 131 182 182 182 182 126 123 123 127 182
182 126 123 123 127 128 124 124 124 131 123 123 127 128 124 124 124 124 124 124 124 124 124 124 124 124 124 124 129 182 182 182 182 126 123 123 127 126 123 123 130 131 123 123 127 126 123 123 123 123 123 123 123 123 123 123 123 123 123 123 123 123 123 123 127 182 182 182 182 126 123 123 130 124 124 124 124 124 124 124 124 124 124 124 129 126 123 123 127 182
182 126 123 123 127 126 123 123 123 123 123 123 127 126 123 123 123 123 123 123 123 123 123 123 123 123 123 123 127 182 182 182 182 126 123 123 127 126 123 123 123 123 123 123 127 126 123 123 123 123 123 123 123 123 123 123 123 123 123 123 123 123 123 123 127 182 182 182 182 126 123 123 123 123 123 123 123 123 123 123 123 123 123 123 127 126 123 123 127 182
182 126 123 123 127 126 123 123 123 123 123 123 127 126 123 123 123 123 123 123 123 123 123 123 123 123 123 123 127 182 182 182 182 126 123 123 127 126 123 123 123 123 123 123 127 126 123 123 123 123 123 123 123 123 123 123 123 123 123 123 123 123 123 123 127 182 182 182 182 126 123 123 123 123 123 123 123 123 123 123 123 123 123 123 127 126 123 123 127 182
182 126 123 123 127 126 123 123 128 125 125 125 131 130 125 125 125 125 125 125 125 125 125 125 125 129 123 123 127 182 182 182 182 126 123 123 127 126 123 123 128 125 125 125 131 130 125 125 125 125 125 125 125 129 123 123 128 129 123 123 128 129 123 123 127 182 182 182 182 130 125 125 125 125 125 125 125 125 125 125 125 129 123 123 127 126 123 123 127 182
182 126 123 123 127 126 123 123 127 128 124 124 124 124 124 124 124 124 124 124 124 124 124 124 124 131 123 123 127 182 182 182 182 126 123 123 127 126 123 123 130 124 124 124 124 124 124 124 129 128 124 124 124 131 123 123 127 126 123 123 127 126 123 123 130 124 124 124 124 124 124 124 124 124 124 124 124 124 124 124 124 131 123 123 130 131 123 123 127 182
182 126 123 123 127 126 123 123 127 126 123 123 123 123 123 123 123 123 123 123 123 123 123 123 123 123 123 123 127 182 182 182 182 126 123 123 127 126 123 123 123 123 123 123 123 123 123 123 127 126 123 123 123 123 123 123 127 126 123 123 127 126 123 123 123 123 123 123 123 123 123 123 123 123 123 123 123 123 123 123 123 123 123 123 123 123 123 123 127 182
182 126 123 123 127 126 123 123 127 126 123 123 123 123 123 123 123 123 123 123 123 123 123 123 123 123 123 123 127 182 182 182 182 126 123 123 127 126 123 123 123 123 123 123 123 123 123 123 127 126 123 123 123 123 123 123 127 126 123 123 127 126 123 123 123 123 123 123 123 123 123 123 123 123 123 123 123 123 123 123 123 123 123 123 123 123 123 123 127 182
182 126 123 123 127 126 123 123 127 126 123 123 128 125 125 125 125 125 125 125 125 125 125 125 125 129 123 123 127 182 182 182 182 126 123 123 127 130 125 125 125 125 125 125 125 129 123 123 127 126 123 123 128 129 123 123 127 126 123 123 127 130 125 125 125 125 125 125 125 125 125 125 125 125 125 125 125 125 125 125 125 125 125 125 125 125 125 125 131 182
182 126 123 123 127 126 123 123 127 126 123 123 130 124 124 124 124 124 124 124 124 124 124 124 124 131 123 123 130 124 124 124 129 126 123 123 127 128 124 124 129 182 182 182 182 126 123 123 127 126 123 123 127 126 123 123 127 126 123 123 130 124 124 124 124 124 124 124 124 124 124 124 124 124 124 124 124 124 124 124 124 124 124 124 129 182 182 182 182 182
182 126 123 123 127 126 123 123 127 126 123 123 123 123 123 123 123 123 123 123 123 123 123 123 123 123 123 123 123 123 123 123 127 126 123 123 127 126 123 123 127 182 182 182 182 126 123 123 127 126 123 123 127 126 123 123 127 126 123 123 123 123 123 123 123 123 123 123 123 123 123 123 123 123 123 123 123 123 123 123 123 123 123 123 127 182 182 182 182 182
182 126 123 123 127 126 123 123 127 126 123 123 123 123 123 123 123 123 123 123 123 123 123 123 123 123 123 123 123 123 123 123 127 126 123 123 127 126 123 123 127 182 182 182 182 126 123 123 127 126 123 123 127 126 123 123 127 126 123 123 123 123 123 123 123 123 123 123 123 123 123 123 123 123 123 123 123 123 123 123 123 123 123 123 127 182 182 182 182 182
182 126 123 123 127 126 123 123 127 126 123 123 123 123 123 123 123 123 123 123 123 123 123 123 123 123 123 123 123 123 123 123 127 126 123 123 127 126 123 123 127 182 182 182 182 126 123 123 127 126 123 123 127 126 123 123 127 130 125 125 125 125 125 125 125 125 125 125 125 125 125 125 125 125 125 125 125 125 125 125 125 129 123 123 127 182 182 182 182 182
182 126 123 123 127 126 123 123 127 126 123 123 123 123 123 123 123 123 123 123 123 123 123 123 123 123 123 123 123 123 123 123 127 126 123 123 127 126 123 123 127 182 182 182 182 126 123 123 127 126 123 123 127 126 123 123 127 128 124 124 124 124 124 124 124 124 124 124 124 124 124 124 124 124 124 124 124 124 124 124 129 126 123 123 127 182 182 182 182 182
182 126 123 123 127 126 123 123 127 126 123 123 123 123 123 123 123 123 123 123 123 123 123 123 123 123 123 123 123 123 123 123 127 126 123 123 127 126 123 123 127 182 182 182 182 126 123 123 127 126 123 123 127 126 123 123 127 126 123 123 123 123 123 123 123 123 123 123 123 123 123 123 123 123 123 123 123 123 123 123 127 126 123 123 127 182 182 182 182 182
182 126 123 123 127 126 123 123 127 126 123 123 123 123 123 123 123 123 123 123 123 123 123 123 123 123 123 123 123 123 123 123 127 126 123 123 127 126 123 123 127 182 182 182 182 126 123 123 127 126 123 123 127 126 123 123 127 126 123 123 123 123 123 123 123 123 123 123 123 123 123 123 123 123 123 123 123 123 123 123 127 126 123 123 127 182 182 182 182 182
182 126 123 123 127 126 123 123 127 126 123 123 123 123 123 123 123 123 123 123 123 123 123 123 123 123 123 123 123 123 123 123 127 126 123 123 127 126 123 123 127 182 182 182 182 126 123 123 127 130 125 125 131 126 123 123 127 126 123 123 128 129 123 123 123 123 123 123 123 123 123 123 123 123 123 123 123 123 123 123 127 126 123 123 127 182 182 182 182 182
182 126 123 123 127 126 123 123 130 131 123 123 123 123 123 123 123 123 123 123 123 123 123 123 123 123 123 123 123 123 123 123 127 126 123 123 127 126 123 123 130 124 124 124 124 131 123 123 130 124 124 124 124 131 123 123 127 126 123 123 127 126 123 123 123 123 123 123 123 123 123 123 123 123 123 123 123 123 123 123 127 126 123 123 127 182 182 182 182 182
182 126 123 123 127 126 123 123 123 123 123 123 123 123 123 123 123 123 123 123 123 123 123 123 123 123 123 123 123 123 123 123 127 126 123 123 127 126 123 123 123 123 123 123 123 123 123 123 123 123 123 123 123 123 123 123 127 126 123 123 127 126 123 123 123 123 123 123 123 123 123 123 123 123 123 123 123 123 123 123 127 126 123 123 127 182 182 182 182 182
182 126 123 123 127 126 123 123 123 123 123 123 123 123 123 123 123 123 123 123 123 123 123 123 123 123 123 123 123 123 123 123 127 126 123 123 127 126 123 123 123 123 123 123 123 123 123 123 123 123 123 123 123 123 123 123 127 126 123 123 127 126 123 123 123 123 123 123 123 123 123 123 123 123 123 123 123 123 123 123 127 126 123 123 127 182 182 182 182 182
182 126 123 123 127 130 125 125 125 129 123 123 123 123 123 123 123 123 123 123 123 123 123 123 123 123 123 123 123 123 123 123 127 126 123 123 127 126 123 123 128 125 125 125 125 125 125 125 125 125 125 125 125 125 125 125 131 126 123 123 127 126 123 123 123 123 123 123 123 123 123 123 123 123 123 123 123 123 123 123 127 126 123 123 127 182 182 182 182 182
182 126 123 123 130 124 124 124 129 126 123 123 123 123 123 123 123 123 123 123 123 123 123 123 123 123 123 123 123 123 123 123 127 126 123 123 127 126 123 123 130 124 124 124 124 124 124 124 124 124 124 124 124 124 124 124 124 131 123 123 127 126 123 123 123 123 123 123 123 123 123 123 123 123 123 123 123 123 123 123 127 126 123 123 127 182 182 182 182 182
182 126 123 123 123 123 123 123 127 126 123 123 123 123 123 123 123 123 123 123 123 123 123 123 123 123 123 123 123 123 123 123 127 126 123 123 127 126 123 123 123 123 123 123 123 123 123 123 123 123 123 123 123 123 123 123 123 123 123 123 127 126 123 123 123 123 123 123 123 123 123 123 123 123 123 123 123 123 123 123 127 126 123 123 127 182 182 182 182 182 
182 126 123 123 123 123 123 123 127 126 123 123 123 123 123 123 123 123 123 123 123 123 123 123 123 123 123 123 123 123 123 123 127 126 123 123 127 126 123 123 123 123 123 123 123 123 123 123 123 123 123 123 123 123 123 123 123 123 123 123 127 126 123 123 123 123 123 123 123 123 123 123 123 123 123 123 123 123 123 123 127 126 123 123 127 182 182 182 182 182 
182 126 123 123 128 129 123 123 127 126 123 123 123 123 123 123 123 123 123 123 123 123 123 123 123 123 123 123 123 123 123 123 127 126 123 123 127 126 123 123 123 123 123 123 123 123 123 123 123 123 123 123 123 123 123 123 123 123 123 123 127 126 123 123 123 123 123 123 123 123 123 123 123 123 123 123 123 123 123 123 127 126 123 123 127 182 182 182 182 182 
182 126 123 123 127 126 123 123 127 126 123 123 123 123 123 123 123 123 123 123 123 123 123 123 123 123 123 123 123 123 123 123 127 126 123 123 127 126 123 123 123 123 123 123 123 123 123 123 123 123 123 123 123 123 123 123 123 123 123 123 127 126 123 123 123 123 123 123 123 123 123 123 123 123 123 123 123 123 123 123 127 126 123 123 127 182 182 182 182 182
182 126 123 123 127 126 123 123 127 126 123 123 123 123 123 123 123 123 123 123 123 123 123 123 123 123 123 123 123 123 123 123 127 126 123 123 127 126 123 123 123 123 123 123 123 123 123 123 123 123 123 123 123 123 123 123 123 123 123 123 127 126 123 123 123 123 123 123 123 123 123 123 123 123 123 123 123 123 123 123 127 126 123 123 127 182 182 182 182 182
182 126 123 123 127 126 123 123 127 126 123 123 123 123 123 123 123 123 123 123 123 123 123 123 123 123 123 123 123 123 123 123 127 126 123 123 127 126 123 123 123 123 123 123 123 123 123 123 123 123 123 123 123 123 123 123 123 123 123 123 127 126 123 123 123 123 123 123 123 123 123 123 123 123 123 123 123 123 123 123 127 126 123 123 127 182 182 182 182 182
182 126 123 123 127 126 123 123 127 126 123 123 123 123 123 123 123 123 123 123 123 123 123 123 123 123 123 123 123 123 123 123 127 126 123 123 127 126 123 123 123 123 123 123 123 123 123 123 123 123 123 123 123 123 123 123 123 123 123 123 127 126 123 123 123 123 123 123 123 123 123 123 123 123 123 123 123 123 123 123 127 126 123 123 127 182 182 182 182 182
182 126 123 123 127 126 123 123 127 126 123 123 123 123 123 123 123 123 123 123 123 123 123 123 123 123 123 123 123 123 123 123 127 126 123 123 127 126 123 123 123 123 123 123 123 123 123 123 123 123 123 123 123 123 123 123 123 123 123 123 127 126 123 123 123 123 123 123 123 123 123 123 123 123 123 123 123 123 123 123 127 126 123 123 127 182 182 182 182 182
182 126 123 123 127 126 123 123 127 126 123 123 123 123 123 123 123 123 123 123 123 123 123 123 123 123 123 123 123 123 123 123 127 126 123 123 127 126 123 123 123 123 123 123 123 123 123 123 123 123 123 123 123 123 123 123 123 123 123 123 127 126 123 123 123 123 123 123 123 123 123 123 123 123 123 123 123 123 123 123 127 126 123 123 127 182 182 182 182 182
182 126 123 123 127 126 123 123 127 126 123 123 123 123 123 123 123 123 123 123 123 123 123 123 123 123 123 123 123 123 123 123 127 126 123 123 127 126 123 123 123 123 123 123 123 123 123 123 123 123 123 123 123 123 123 123 123 123 123 123 127 126 123 123 123 123 123 123 123 123 123 123 123 123 123 123 123 123 123 123 127 126 123 123 127 182 182 182 182 182 
182 126 123 123 127 126 123 123 127 130 125 125 125 125 125 125 125 125 125 125 125 125 125 125 125 125 125 125 125 125 125 125 131 126 123 123 127 126 123 123 123 123 123 123 123 123 123 123 123 123 123 123 123 123 123 123 123 123 123 123 127 130 125 125 125 125 125 125 125 125 125 125 125 129 123 123 128 129 123 123 127 126 123 123 127 182 182 182 182 182
182 126 123 123 127 126 123 123 130 124 124 124 124 124 124 124 124 124 124 124 124 124 124 124 124 124 124 124 129 128 124 124 124 131 123 123 127 126 123 123 123 123 123 123 123 123 123 123 123 123 123 123 123 123 123 123 123 123 123 123 127 128 124 124 124 124 124 124 124 124 124 124 124 131 123 123 127 126 123 123 127 126 123 123 127 182 182 182 182 182 
182 126 123 123 127 126 123 123 123 123 123 123 123 123 123 123 123 123 123 123 123 123 123 123 123 123 123 123 127 126 123 123 123 123 123 123 127 126 123 123 123 123 123 123 123 123 123 123 123 123 123 123 123 123 123 123 123 123 123 123 127 126 123 123 123 123 123 123 123 123 123 123 123 123 123 123 127 126 123 123 127 126 123 123 127 182 182 182 182 182
182 126 123 123 127 126 123 123 123 123 123 123 123 123 123 123 123 123 123 123 123 123 123 123 123 123 123 123 127 126 123 123 123 123 123 123 127 126 123 123 123 123 123 123 123 123 123 123 123 123 123 123 123 123 123 123 123 123 123 123 127 126 123 123 123 123 123 123 123 123 123 123 123 123 123 123 127 126 123 123 127 126 123 123 127 182 182 182 182 182
182 126 123 123 127 126 123 123 123 123 123 123 123 123 123 123 123 123 123 123 123 123 123 123 123 123 123 123 127 126 123 123 128 125 125 125 131 126 123 123 123 123 123 123 123 123 123 123 123 123 123 123 123 123 123 123 123 123 123 123 127 126 123 123 128 125 125 125 125 125 125 125 125 129 123 123 127 126 123 123 127 126 123 123 127 182 182 182 182 182 
182 126 123 123 127 126 123 123 123 123 123 123 123 123 123 123 123 123 123 123 123 123 123 123 123 123 123 123 127 126 123 123 127 128 124 124 129 126 123 123 123 123 123 123 123 123 123 123 123 123 123 123 123 123 123 123 123 123 123 123 130 131 123 123 127 182 182 182 182 182 182 182 182 126 123 123 127 126 123 123 127 126 123 123 127 182 182 182 182 182 
182 126 123 123 127 126 123 123 123 123 123 123 123 123 123 123 123 123 123 123 123 123 123 123 123 123 123 123 127 126 123 123 127 126 123 123 127 126 123 123 123 123 123 123 123 123 123 123 123 123 123 123 123 123 123 123 123 123 123 123 123 123 123 123 127 182 182 182 182 182 182 182 182 126 123 123 127 126 123 123 127 126 123 123 127 182 182 182 182 182
182 126 123 123 127 126 123 123 123 123 123 123 123 123 123 123 123 123 123 123 123 123 123 123 123 123 123 123 127 126 123 123 127 126 123 123 127 126 123 123 123 123 123 123 123 123 123 123 123 123 123 123 123 123 123 123 123 123 123 123 123 123 123 123 127 182 182 182 182 182 182 182 182 126 123 123 127 126 123 123 127 126 123 123 127 182 182 182 182 182 
182 126 123 123 127 126 123 123 123 123 123 123 123 123 123 123 123 123 123 123 123 123 123 123 123 123 123 123 127 126 123 123 127 126 123 123 127 126 123 123 123 123 123 123 123 123 123 123 123 123 123 123 123 123 123 123 123 123 123 123 128 129 123 123 127 182 182 182 182 182 182 182 182 126 123 123 127 126 123 123 127 126 123 123 127 182 182 182 182 182
182 126 123 123 130 131 123 123 123 123 123 123 123 123 123 123 123 123 123 123 123 123 123 123 123 123 123 123 127 126 123 123 127 126 123 123 127 126 123 123 123 123 123 123 123 123 123 123 123 123 123 123 123 123 123 123 123 123 123 123 127 126 123 123 127 182 182 182 182 182 182 182 182 126 123 123 127 126 123 123 127 126 123 123 127 182 182 182 182 182
182 126 123 123 123 123 123 123 123 123 123 123 123 123 123 123 123 123 123 123 123 123 123 123 123 123 123 123 127 126 123 123 127 126 123 123 127 126 123 123 123 123 123 123 123 123 123 123 123 123 123 123 123 123 123 123 123 123 123 123 127 126 123 123 127 182 182 182 182 182 182 182 182 126 123 123 127 126 123 123 127 126 123 123 127 182 182 182 182 182 
182 126 123 123 123 123 123 123 123 123 123 123 123 123 123 123 123 123 123 123 123 123 123 123 123 123 123 123 127 126 123 123 127 126 123 123 127 126 123 123 123 123 123 123 123 123 123 123 123 123 123 123 123 123 123 123 123 123 123 123 127 126 123 123 127 182 182 182 182 182 182 182 182 126 123 123 127 126 123 123 127 126 123 123 127 182 182 182 182 182 
182 130 125 125 125 129 123 123 123 123 123 123 123 123 123 123 123 123 123 123 123 123 123 123 123 123 123 123 127 126 123 123 127 126 123 123 127 126 123 123 128 125 125 125 125 125 125 125 125 125 125 125 125 125 125 125 125 125 125 125 131 126 123 123 127 182 182 182 182 182 182 182 182 126 123 123 127 126 123 123 127 126 123 123 127 182 182 182 182 182
182 182 182 182 182 126 123 123 123 123 123 123 123 123 123 123 123 123 123 123 123 123 123 123 123 123 123 123 127 126 123 123 127 126 123 123 130 131 123 123 130 124 124 124 124 124 124 124 124 124 124 124 124 124 124 124 129 182 182 182 182 126 123 123 127 182 182 182 182 182 182 182 182 126 123 123 127 126 123 123 127 126 123 123 130 124 124 124 129 182
182 182 182 182 182 126 123 123 123 123 123 123 123 123 123 123 123 123 123 123 123 123 123 123 123 123 123 123 127 126 123 123 127 126 123 123 123 123 123 123 123 123 123 123 123 123 123 123 123 123 123 123 123 123 123 123 127 182 182 182 182 126 123 123 127 182 182 182 182 182 182 182 182 126 123 123 127 126 123 123 127 126 123 123 123 123 123 123 127 182
182 182 182 182 182 126 123 123 123 123 123 123 123 123 123 123 123 123 123 123 123 123 123 123 123 123 123 123 127 126 123 123 127 126 123 123 123 123 123 123 123 123 123 123 123 123 123 123 123 123 123 123 123 123 123 123 127 182 182 182 182 126 123 123 127 182 182 182 182 182 182 182 182 126 123 123 127 126 123 123 127 126 123 123 123 123 123 123 127 182
182 182 182 182 182 126 123 123 123 123 123 123 123 123 123 123 123 123 123 123 123 123 123 123 123 123 123 123 127 126 123 123 127 130 125 125 125 125 125 125 125 125 125 125 125 125 125 125 129 123 128 125 125 129 123 123 127 182 182 182 182 126 123 123 127 182 182 182 182 182 182 182 182 126 123 123 127 126 123 123 127 126 123 123 128 129 123 123 127 182
182 128 124 124 124 131 123 123 123 123 123 123 123 123 123 123 123 123 123 123 123 123 123 123 123 123 123 123 127 126 123 123 127 182 182 182 182 182 182 182 182 182 182 182 182 182 182 182 126 123 127 182 182 126 123 123 127 182 182 182 182 126 123 123 130 124 124 124 124 124 124 124 129 126 123 123 127 126 123 123 127 126 123 123 127 126 123 123 127 182
182 126 123 123 123 123 123 123 123 123 123 123 123 123 123 123 123 123 123 123 123 123 123 123 123 123 123 123 127 126 123 123 127 182 182 182 182 182 182 182 182 182 182 182 182 182 182 182 126 123 127 182 182 126 123 123 127 182 182 182 182 126 123 123 123 123 123 123 123 123 123 123 127 126 123 123 127 126 123 123 127 126 123 123 127 126 123 123 127 182
182 126 123 123 128 125 125 125 125 129 123 123 128 129 123 123 128 125 125 125 125 129 123 123 128 125 125 125 131 126 123 123 127 182 182 182 182 182 182 182 182 182 182 182 182 182 182 182 126 123 127 182 182 126 123 123 127 182 182 182 182 130 125 125 125 125 125 125 125 129 123 123 127 126 123 123 127 126 123 123 127 130 125 125 131 126 123 123 127 182
182 126 123 123 130 124 124 124 129 126 123 123 127 126 123 123 127 128 124 124 124 131 123 123 127 182 182 182 182 126 123 123 127 182 182 182 182 182 182 182 182 128 124 124 124 124 124 124 131 123 130 124 124 131 123 123 127 182 182 182 182 182 182 182 182 128 124 124 124 131 123 123 127 126 123 123 127 126 123 123 130 124 124 124 124 131 123 123 127 182
182 126 123 123 123 123 123 123 127 126 123 123 127 126 123 123 127 126 123 123 123 123 123 123 127 182 182 182 182 126 123 123 127 182 182 182 182 182 182 182 182 126 123 123 123 123 123 123 123 123 123 123 123 123 123 123 127 182 182 182 182 182 182 182 182 126 123 123 123 123 123 123 127 126 123 123 127 126 123 123 123 123 123 123 123 123 123 123 127 182
182 126 123 123 123 123 123 123 127 126 123 123 127 126 123 123 127 126 123 123 123 123 123 123 127 182 182 182 182 126 123 123 127 182 182 182 182 182 182 182 182 126 123 123 123 123 123 123 123 123 123 123 123 123 123 123 127 182 182 182 182 182 182 182 182 126 123 123 123 123 123 123 127 126 123 123 127 126 123 123 123 123 123 123 123 123 123 123 127 182
182 126 123 123 128 125 125 125 131 126 123 123 127 126 123 123 127 130 125 125 125 125 125 125 131 182 182 182 182 126 123 123 127 182 182 182 182 182 182 182 182 126 123 123 128 125 125 125 125 125 125 125 125 125 125 125 131 182 182 182 182 182 182 182 182 130 125 125 125 125 125 125 131 126 123 123 127 130 125 125 125 125 125 125 125 129 123 123 127 182
182 126 123 123 130 124 124 124 124 131 123 123 127 126 123 123 130 124 124 124 124 124 124 124 124 124 124 124 124 131 123 123 130 124 124 124 124 124 124 124 124 131 123 123 127 182 182 182 182 182 182 182 182 182 182 182 182 182 182 182 182 182 182 182 182 182 182 182 182 182 182 182 182 126 123 123 130 124 124 124 124 124 124 124 124 131 123 123 127 182
182 126 123 123 123 123 123 123 123 123 123 123 127 126 123 123 123 123 123 123 123 123 123 123 123 123 123 123 123 123 123 123 123 123 123 123 123 123 123 123 123 123 123 123 127 182 182 182 182 182 182 182 182 182 182 182 182 182 182 182 182 182 182 182 182 182 182 182 182 182 182 182 182 126 123 123 123 123 123 123 123 123 123 123 123 123 123 123 127 182 
182 126 123 123 123 123 123 123 123 123 123 123 127 126 123 123 123 123 123 123 123 123 123 123 123 123 123 123 123 123 123 123 123 123 123 123 123 123 123 123 123 123 123 123 127 182 182 182 182 182 182 182 182 182 182 182 182 182 182 182 182 182 182 182 182 182 182 182 182 182 182 182 182 126 123 123 123 123 123 123 123 123 123 123 123 123 123 123 127 182
182 130 125 125 125 125 125 125 125 125 125 125 131 130 125 125 125 125 125 125 125 125 125 125 125 125 125 125 125 125 125 125 125 125 125 125 125 125 125 125 125 125 125 125 131 182 182 182 182 182 182 182 182 182 182 182 182 182 182 182 182 182 182 182 182 182 182 182 182 182 182 182 182 130 125 125 125 125 125 125 125 125 125 125 125 125 125 125 131 182
182 182 182 182 182 182 182 182 182 182 182 182 182 182 182 182 182 182 182 182 182 182 182 182 182 182 182 182 182 182 182 182 182 182 182 182 182 182 182 182 182 182 182 182 182 182 182 182 182 182 182 182 182 182 182 182 182 182 182 182 182 182 182 182 182 182 182 182 182 182 182 182 182 182 182 182 182 182 182 182 182 182 182 182 182 182 182 182 182 182