90 90																																																																																				
5632 192																																																																																					
056	056	056	056	056	056	056	056	056	056	056	056	056	056	056	056	056	056	056	056	056	056	056	056	056	056	056	056	056	056	056	056	056	056	056	056	056	056	056	056	056	056	056	056	056	056	056	056	056	056	056	056	056	056	056	056	056	056	056	056	056	056	056	056	056	056	056	056	056	056	056	056	056	056	056	056	056	056	056	056	056	056	056	056	056	056	056	056	056	056
056	056	056	056	056	056	056	056	056	056	056	056	056	056	056	056	056	056	056	056	056	056	056	056	056	056	056	056	056	056	056	056	056	056	056	056	056	056	056	056	056	056	056	056	056	056	056	056	056	056	056	056	056	056	056	056	056	056	056	056	056	056	056	056	056	056	056	056	056	056	056	056	056	056	056	056	056	056	056	056	056	056	056	056	056	056	056	056	056	056
056	056	056	056	056	056	056	056	056	056	056	056	056	056	056	056	056	056	053	053	053	053	053	053	056	056	053	053	053	053	053	053	053	053	053	053	053	053	053	053	053	053	053	053	056	056	053	053	053	053	053	053	053	053	053	053	053	053	053	053	053	053	053	053	056	056	053	053	053	053	053	053	053	053	053	053	053	053	053	053	053	053	053	053	053	053	053	053	053 053
056	056	056	056	056	056	056	056	056	056	056	056	056	056	056	053	056	056	053	053	053	053	053	053	056	056	053	053	053	053	053	053	053	053	053	053	053	053	053	053	053	053	053	053	056	056	053	053	053	053	053	053	053	053	053	053	053	053	053	053	053	053	053	053	056	056	053	053	053	053	053	053	053	053	053	053	053	053	053	053	053	053	053	053	053	053	053	053	053 053
056	056	056	056	056	056	056	056	056	056	056	056	056	056	056	056	056	056	053	053	056	056	053	053	056	056	053	053	053	053	053	053	053	053	053	053	053	053	053	053	053	053	053	053	056	056	053	053	053	053	053	053	053	053	053	053	053	053	053	053	053	053	053	053	056	056	053	053	056	056	053	053	056	056	056	056	056	056	056	056	056	056	056	056	056	056	056	056	056	056
056	056	056	056	056	056	056	056	056	056	056	056	056	056	056	056	056	056	053	053	056	056	053	053	056	056	053	053	053	053	053	053	053	053	053	053	053	053	053	053	053	053	053	053	056	056	053	053	053	053	053	053	053	053	053	053	053	053	053	053	053	053	053	053	056	056	053	053	056	056	053	053	056	056	056	056	056	056	056	056	056	056	056	056	056	056	056	056	056	056
056	056	056	056	056	056	056	056	056	056	056	056	056	056	056	056	056	056	053	053	056	056	053	053	053	053	053	053	053	053	053	053	053	053	053	053	053	053	053	053	053	053	053	053	056 056	053	053	053	053	053	053	053	053	053	053	053	053	053	053	053	053	053	053	053	053	053	053	056	056	053	053	056	056	053	053	053	053	053	053	053	053	053	053	056	056	056	056	056	056
056	056	056	056	056	056	056	056	056	056	056	056	056	056	056	056	056	056	053	053	056	056	053	053	053	053	053	053	053	053	053	053	053	053	053	053	053	053	053	053	053	053	053	053	056 056	053	053	053	053	053	053	053	053	053	053	053	053	053	053	053	053	053	053	053	053	053	053	056	056	053	053	056	056	053	053	053	053	053	053	053	053	053	053	056	056	056	056	056	056
056	056	056	056	056	056	056	056	056	056	056	056	056	056	056	056	056	056	053	053	056	056	056	056	056	056	053	053	053	053	053	053	053	053	053	053	053	053	053	053	053	053	053	053	056	056	053	053	053	053	053	053	053	053	053	053	053	053	053	053	053	053	053	053	056	056	056	056	056	056	053	053	056	056	053	053	056	056	056	056	056	056	053	053	056	053	056	056	056	056
056	056	056	056	056	056	056	056	056	056	056	056	056	056	056	056	056	056	053	053	056	056	056	056	056	056	053	053	053	053	053	053	053	053	053	053	053	053	053	053	053	053	053	053	056	056	053	053	053	053	053	053	053	053	053	053	053	053	053	053	053	053	053	053	056	056	056	056	056	056	053	053	056	056	053	053	056	056	056	056	056	056	053	053	056	056	056	056	056	056
056	056	056	056	056	056	056	056	056	056	056	056	056	056	056	056	056	056	053	053	053	053	053	053	053	053	053	053	053	053	053	053	053	053	053	053	053	053	053	053	053	053	053	053	056	056	053	053	053	053	053	053	053	053	053	053	053	053	053	053	053	053	053	053	053	053	053	053	053	053	053	053	056	056	053	053	056	056	056	056	056	056	053	053	053	053	053	053	056	056
056	056	056	056	056	056	056	056	056	056	056	056	056	056	056	056	056	056	053	053	053	053	053	053	053	053	053	053	053	053	053	053	053	053	053	053	053	053	053	053	053	053	053	053	056	056	053	053	053	053	053	053	053	053	053	053	053	053	053	053	053	053	053	053	053	053	053	053	053	053	053	053	056	056	053	053	056	056	056	056	056	056	053	053	053	053	053	053	056	056
056	056	056	056	056	056	056	056	056	056	056	056	056	056	056	056	056	056	056	056	056	056	056	056	056	056	053	053	053	053	053	053	053	053	053	053	053	053	053	053	053	053	053	053	056	056	053	053	053	053	053	053	053	053	053	053	053	053	053	053	053	053	053	053	056	056	056	056	056	056	056	056	056	056	053	053	056	056	056	056	056	056	056	056	056	056	053	053	056	056
056	056	056	056	056	056	056	056	056	056	056	056	056	056	056	056	056	056	056	056	056	056	056	056	056	056	053	053	053	053	053	053	053	053	053	053	053	053	053	053	053	053	053	053	056	056	053	053	053	053	053	053	053	053	053	053	053	053	053	053	053	053	053	053	056	056	056	056	056	056	056	056	056	056	053	053	056	056	056	056	056	056	056	056	056	056	053	053	056	056
056	056	056	056	056	056	053	053	053	053	053	053	053	053	053	053	053	053	053	053	053	053	053	053	053	053	053	053	053	053	053	053	053	053	053	053	053	053	053	053	053	053	053	053	056	056	053	053	053	053	053	053	053	053	053	053	053	053	053	053	053	053	053	053	056	056	053	053	053	053	053	053	053	053	053	053	053	053	053	053	053	053	053	053	056	056	053	053	056	056
056	056	056	056	056	056	053	053	053	053	053	053	053	053	053	053	053	053	053	053	053	053	053	053	053	053	053	053	053	053	053	053	053	053	053	053	053	053	053	053	053	053	053	053	056	056	053	053	053	053	053	053	053	053	053	053	053	053	053	053	053	053	053	053	056	056	053	053	053	053	053	053	053	053	053	053	053	053	053	053	053	053	053	053	056	056	053	053	056	056
056	056	056	056	056	056	053	053	053	053	053	053	053	053	053	053	053	053	053	053	053	053	053	053	056	056	053	053	053	053	053	053	053	053	053	053	053	053	053	053	053	053	053	053	056	056	053	053	053	053	053	053	053	053	053	053	053	053	053	053	053	053	053	053	056	056	053	053	053	053	053	053	053	053	053	053	053	053	053	053	053	053	053	053	056	056	053	053	056	056
056	056	056	056	056	056	053	053	053	053	053	053	053	053	053	053	053	053	053	053	053	053	053	053	056	056	053	053	053	053	053	053	053	053	053	053	053	053	053	053	053	053	053	053	056	056	053	053	053	053	053	053	053	053	053	053	053	053	053	053	053	053	053	053	056	056	053	053	053	053	053	053	053	053	053	053	053	053	053	053	053	053	053	053	056	056	053	053	056	056
056	056	056	056	056	056	053	053	053	053	053	053	053	053	053	053	053	053	053	053	053	053	053	053	056	056	053	053	053	053	053	053	053	053	053	053	053	053	053	053	053	053	053	053	056	056	053	053	053	053	053	053	053	053	053	053	053	053	053	053	053	053	053	053	053	053	053	053	053	053	053	053	053	053	053	053	053	053	053	053	053	053	053	053	056	056	053	053	056	056
056	056	056	056	056	056	053	053	053	053	053	053	053	053	053	053	053	053	053	053	053	053	053	053	056	056	053	053	053	053	053	053	053	053	053	053	053	053	053	053	053	053	053	053	056	056	053	053	053	053	053	053	053	053	053	053	053	053	053	053	053	053	053	053	053	053	053	053	053	053	053	053	053	053	053	053	053	053	053	053	053	053	053	053	056	056	053	053	056	056
056	056	056	056	056	056	053	053	053	053	053	053	053	053	053	053	053	053	053	053	053	053	053	053	056	056	053	053	053	053	053	053	053	053	053	053	053	053	053	053	053	053	053	053	056	056	053	053	053	053	053	053	053	053	053	053	053	053	053	053	053	053	053	053	056	056	053	053	053	053	053	053	053	053	053	053	053	053	053	053	053	053	053	053	056	056	053	053	056	056
056	056	056	056	056	056	053	053	053	053	053	053	053	053	053	053	053	053	053	053	053	053	053	053	056	056	053	053	053	053	053	053	053	053	053	053	053	053	053	053	053	053	053	053	056	056	053	053	053	053	053	053	053	053	053	053	053	053	053	053	053	053	053	053	056	056	053	053	053	053	053	053	053	053	053	053	053	053	053	053	053	053	053	053	056	056	053	053	056	056
056	056	056	056	056	056	053	053	053	053	053	053	053	053	053	053	053	053	053	053	053	053	053	053	056	056	053	053	053	053	053	053	053	053	053	053	053	053	053	053	053	053	053	053	056	056	053	053	053	053	053	053	053	053	053	053	053	053	053	053	053	053	053	053	056	056	053	053	053	053	053	053	053	053	053	053	053	053	053	053	053	053	053	053	053	053	053	053	056	056
056	056	056	056	056	056	053	053	053	053	053	053	053	053	053	053	053	053	053	053	053	053	053	053	056	056	053	053	053	053	053	053	053	053	053	053	053	053	053	053	053	053	053	053	056	056	053	053	053	053	053	053	053	053	053	053	053	053	053	053	053	053	053	053	056	056	053	053	053	053	053	053	053	053	053	053	053	053	053	053	053	053	053	053	053	053	053	053	056	056
056	056	056	056	056	056	053	053	053	053	053	053	053	053	053	053	053	053	053	053	053	053	053	053	056	056	056	056	056	056	053	053	056	056	056	056	056	056	056	056	056	056	056	056	056	056	053	053	056	056	056	056	056	056	056	056	056	056	056 056	056	056	056	056	056	056	053	053	053	053	053	053	053	053	053	053	053	053	053	053	053	053	053	053	056	056	056	056	056	056
056	056	056	056	056	056	053	053	053	053	053	053	053	053	053	053	053	053	053	053	053	053	053	053	056	056	056	056	056	056	053	053	056	056	056	056	056	056	056	056	056	056	056	056	056	056	053	053	056	056	056	056	056	056	056	056	056	056	053	053	056	056	056	056	056	056	053	053	053	053	053	053	053	053	053	053	053	053	053	053	053	053	053	053	056	056	056	056	056	056
056	056	056	056	056	056	053	053	053	053	053	053	053	053	053	053	053	053	053	053	053	053	053	053	053	053	053	053	056	056	053	053	053	053	053	053	053	053	053	053	053	053	053	053	053	053	053	053	053 053 053 053 053	053	053	053	053	053	053	053	056	056	056	056	056	056	053	053	053	053	053	053	053	053	053	053	053	053	053	053	053	053	053	053	053	053	053	053	056	056
056	056	056	056	056	056	053	053	053	053	053	053	053	053	053	053	053	053	053	053	053	053	053	053	053	053	053	053	056	056	053	053	053	053	053	053	053	053	053	053	053	053	053	053	053	053	053	053	053	053	053	053	053	053	053	053	053	053	053	053 056	056	056	056	056	056	053	053	053	053	053	053	053	053	053	053	053	053	053	053	053	053	053	053	053	053	053	053 056	056
056	056	056	056	056	056	053	053	053	053	053	053	053	053	053	053	053	053	053	053	053	053	053	053	056	056	053	053	056	056	056	056	056	056	056	056	056	056	056	056	056	056	056	056	056	056	056	056	056	056	056	056	056	056	056	056	056	056	056	056	056	056	056	056	056	056	053	053	053	053	053	053	053	053	053	053	053	053	053	053	053	053	053	053	056	056	053	053	056	056
056	056	056	056	056	056	053	053	053	053	053	053	053	053	053	053	053	053	053	053	053	053	053	053	056	056	053	053	056	056	056	056	056	056	056	056	056	056	056	056	056	056	056	056	056	056	056	056	056	056	056	056	056	056	056	056	056	056	056	056	056	056	056	056	056	056	053	053	053	053	053	053	053	053	053	053	053	053	053	053	053	053	053	053	056	056	053	053	056	056
056	056	056	056	056	056	053	053	053	053	053	053	053	053	053	053	053	053	053	053	053	053	053	053	056	056	053	053	056	056	056	056	056	056	056	056	056	056	056	056	056	056	056	056	056	056	056	056	056	056	056	056	056	056	056	056	056	053	056	056	056	056	056	056	056	056	053	053	053	053	053	053	053	053	053	053	053	053	053	053	053	053	053	053	056	056	053	053	056	056
056	056	056	056	056	056	053	053	053	053	053	053	053	053	053	053	053	053	053	053	053	053	053	053	056	056	053	053	056	056	056	056	056	056	056	056	056	056	056	056	056	056	056	056	056	056	056	056	056	056	056	056	056	056	056	056	056	056	056	056	056	056	056	056	056	056	053	053	053	053	053	053	053	053	053	053	053	053	053	053	053	053	053	053	056	056	053	053	056	056
056	056	056	056	056	056	056	056	056	056	056	056	056	056	056	056	056	056	056 056	056	056	056	056	056	056	053	053	056	056	056	056	056	056	056	056	056	056	056	056	056	056	056	056	056	056	056	056	056	056	056	056	056	056	056	056	056	056	056	056	056	056	056	056	056	056	056	056	056	056	056	056	056	056	056	056	056	056	056	056	056	056	056	056	056	056	053	053	056	056
056	056	056	056	056	056	056	056	056	056	056	056	056	056	056	056	056	056	056 056	056	056	056	056	056	056	053	053	056	056	056	056	056	056	056	056	056	056	056	056	056	056	056	056	056	056	056	056	056	056	056	056	056	056	056	056	056	056	056	056	056	056	056	056	056	056	056	056	056	056	056	056	056	056	056	056	056	056	056	056	056	056	056	056	056	056	053	053	056	056
056	056	056	056	056	056	056	056	056	056	056	056	056	056	056	053	056	056	053	053	056	056	053	053	053	053	053	053	056	056	056	056	056	056	056	056	056	056	056	056	056	056	056	056	056	056	056	056	056	056	056	056	056	056	056	056	056	056	056	056	056	056	053	053	053	053	053	053	053	053	053	053	053	053	053	053	053	053	053	053	053	053	053	053	056	056	053	053	056	056
056	056	056	056	056	056	056	056	056	056	056	056	056	056	056	056	056	056	053	053	056	056	053	053	053	053	053	053	056	056	056	056	056	056	056	056	056	056	056	056	056	056	056	056	056	056	056	056	056	056	056	056	056	056	056	056	056	056	056	056	056	056	053	053	053	053	053	053	053	053	053	053	053	053	053	053	053	053	053	053	053	053	053	053	056	056	053	053	056	056
056	056	056	056	056	056	056	056	056	056	056	056	056	056	056	056	056	056	053	053	056	056	053	053	056	056	056	056	056	056	056	056	056	056	056	056	056	056	056	056	056	056	056	056	056	056	056	056	056	056	056	056	056	056	056	056	056	056	056	056	056	056	053	053	056	056	056	056	056	056	056	056	056	056	056	056	056	056	056	056	056	056	053	053	056	056	053	053	056	056
056	056	056	056	056	056	056	056	056	056	056	056	056	056	056	056	056	056	053	053	056	056	053	053	056	056	056	056	056	056	056	056	056	056	056	056	056	056	056	056	056	056	056	056	056	056	056	056	056	056	056	056	056	056	056	056	056	056	056	056	056	056	053	053	056	056	056	056	056	056	056	056	056	056	056	056	056	056	056	056	056	056	053	053	056	056	053	053	056	056
056	056	056	056	056	056	056	056	056	056	056	056	056	056	053	053	053	053	053	053	056	056	053	053	053	053	053	053	056	056	056	056	056	056	056	056	056	056	056	056	056	056	056	056	056	056	056	056	056	056	056	056	056	056	056	056	056	056	056	056	056	056	053	053	053	053	053	053	056	056	056	056	056	056	056	056	056	056	056	056	056	056	053	053	053	053	053	053	056	056
056	056	056	056	056	056	056	056	056	056	056	056	056	056	053	053	053	053	053	053	056	056	053	053	053	053	053	053	056	056	056	056	056	056	056	056	056	056	056	056	056	056	056	056	056	056	056	056	056	056	056	056	056	056	056	056	056	056	056	056	056	056	053	053	053	053	053	053	056	056	056	056	056	056	056	056	056	056	056	056	056	056	053	053	053	053	053	053	056	056
056	056	056	056	056	056	056	056	056	056	056	056	056	056	053	053	056	056	056	056	056	056	056	056	056	056	053	053	056	056	056	056	056	056	056	056	056	056	056	056	056	056	056	056	056	056	056	056	056	056	056	056	056	056	056	056	056	056	056	056	056	056	056	056	056	056	053	053	056	056	056	056	056	056	056	056	056	056	056	056	056	056	056	056	056	056	053	053	056	056
056	056	056	056	056	056	056	056	056	056	056	056	056	056	053	053	056	056	056	056	056	056	056	056	056	056	053	053	056	056	056	056	056	056	056	056	056	056	056	056	056	056	056	056	056	056	056	056	056	056	056	056	056	056	056	056	056	056	056	056	056	056	056	056	056	056	053	053	056	056	056	056	056	056	056	056	056	056	056	056	056	056	056	056	056	056	053	053	056	056
056	056	053	053	053	053	053	053	053	053	053	053	056	056	053	053	056	056	056	056	056	056	053	053	053	053	053	053	056	056	056	056	056	056	056	056	056	056	056	056	056	056	056	056	056	056	056	056	056	056	056	056	056	056	056	056	056	056	056	056	056	056	056	053	056	056	053	053	056	056	056	056	056	056	056	056	056	056	056	056	056	056	056	056	056	056	053	053	056	056
056	056	053	053	053	053	053	053	053	053	053	053	056	056	053	053	056	056	056	056	056	056	053	053	053	053	053	053	056	056	056	056	056	056	056	056	056	056	056	056	056	056	056	056	056	056	056	056	056	056	056	056	056	056	056	056	056	056	056	056	056	056	056	056	056	056	053	053	056	056	056	056	056	056	056	056	056	056	056	056	056	056	056	056	056	056	053	053	056	056
056	056	053	053	056	056	056	056	056	056	053	053	056	056	053	053	056	056	056	056	056	056	053	053	056	056	056	056	056	056	056	056	056	056	056	056	056	056	056	056	056	056	056	056	056	056	056	056	056	056	056	056	056	056	056	056	056	056	056	056	056	056	056	056	056	056	053	053	056	056	056	056	056	056	056	056	056	056	056	056	056	056	056	056	056	056	053	053	056	056
056	056	053	053	056	056	056	056	056	056	053	053	056	056	053	053	056	056	056	056	056	056	053	053	056	056	056	056	056	056	056	056	056	056	056	056	056	056	056	056	056	056	056	056	056	056	056	056	056	056	056	056	056	056	056	056	056	056	056	056	056	056	056	056	056	056	053	053	056	056	056	056	056	056	056	056	056	056	056	056	056	056	056	056	056	056	053	053	056	056
056	056	053	053	056	056	056	056	056	056	053	053	053	053	053	053	056	056	056	056	056	056	053	053	056	056	056	056	056	056	056	056	056	056	056	056	056	056	056	056	056	056	056	056	056	056	056	056	056	056	056	056	056	056	056	056	056	056	056	056	056	056	056	056	056	056	053	053	053	053	053	053	056	056	056	056	056	056	056	056	056	056	056	056	056	056	053	053	056	056
056	056	053	053	056	056	056	056	056	056	053	053	053	053	053	053	056	056	056	056	056	056	053	053	056	056	056	056	056	056	056	056	056	056	056	056	056	056	056	056	056	056	056	056	056	056	056	056	056	056	056	056	056	056	056	056	056	056	056	056	056	056	056	056	056	056	053	053	053	053	053	053	056	056	056	056	056	056	056	056	056	056	056	056	056	056	053	053	056	056
056 056	053	053	056	053	056	056	056	056	056	056	056	056	056	056	056	056	056	056	056	056	053	053	056	056	056	056	056	056	056	056	056	056	056	056	056	056	056	056	056	056	056	056	056	056	056	056	056	056	056	056	056	056	056	056	056	056	056	056	056	056	056	056	056	056	056	056	056	056	053	053	056	056	056	056	056	056	056	056	056	056	056	056	056	056	053	053	056	056
056 056	053	053	056	056	056	056	056	056	056	056	056	056	056	056	056	056	056	056	056	056	053	053	056	056	056	056	056	056	056	056	056	056	056	056	056	056	056	056	056	056	056	056	056	056	056	056	056	056	056	056	056	056	056	056	056	056	056	056	056	056	056	056	056	056	056	056	056	056	053	053	056	056	056	056	056	056	056	056	056	056	056	056	056	056	053	053	056	056
056	056	053	053	056	056	056	056	056	056	053	053	053	053	053	053	053	053	053	053	056	056	053	053	053	053	053	053	056	056	056	056	056	056	056	056	056	056	056	056	056	056	056	056	056	056	056	056	056	056	056	056	056	056	056	056	056	056	056	056	056	056	053	053	053	053	053	053	056	056	053	053	056	056	056	056	056	056	056	056	056	056	056	056	056	056	053	053	056	056
056	056	053	053	056	056	056	056	056	056	053	053	053	053	053	053	053	053	053	053	056	056	053	053	053	053	053	053	056	056	056	056	056	056	056	056	056	056	056	056	056	056	056	056	056	056	056	056	056	056	056	056	056	056	056	056	056	056	056	056	056	056	053	053	053	053	053	053	056	056	053	053	056	056	056	056	056	056	056	056	056	056	056	056	056	056	053	053	056	056
056	056	053	053	056	056	056	056	056	056	053	053	056	056	056	056	056	056	053	053	056	056	056	056	056	056	053	053	056	056	056	056	056	056	056	056	056	056	056	056	056	056	056	056	056	056	056	056	056	056	056	056	056	056	056	056	056	056	056	056	056	056	053	053	056	056	053	053	056	056	053	053	056	056	056	056	056	056	056	056	056	056	056	056	056	056	053	053	056	056
056	056	053	053	056	056	056	056	056	056	053	053	056	056	056	056	056	056	053	053	056	056	056	056	056	056	053	053	056	056	056	056	056	056	056	056	056	056	056	056	056	056	056	056	056	056	056	056	056	056	056	056	056	056	056	056	056	056	056	056	056	056	053	053	056	056	053	053	056	056	053	053	056	056	056	056	056	056	056	056	056	056	056	056	056	056	053	053	056	056
056	056	053	053	053	053	053	053	053	053	053	053	056	056	053	053	053	053	053	053	056	056	056	056	056	056	053	053	056	056	056	056	056	056	056	056	056	056	056	056	056	056	056	056	056	056	056	056	056	056	056	056	056	056	056	056	056	056	056	056	056	056	053	053	056	056	053	053	053	053	053	053	056	056	056	056	056	056	056	056	056	056	056	056	056	056	053	053	056	056
056	056	053	053	053	053	053	053	053	053	053	053	056	056	053	053	053	053	053	053	056	056	056	056	056	056	053	053	056	056	056	056	056	056	056	056	056	056	056	056	056	056	056	056	056	056	056	056	056	056	056	056	056	056	056	056	056	056	056	056	056	056	053	053	056	056	053	053	053	053	053	053	056	056	056	056	056	056	056	056	056	056	056	056	056	056	053	053	056	056
056	056	056	056	056	056	056	056	056	056	056	056	056	056	053	053	056	056	056	056	056	056	056	056	056	056	053	053	056	056	056	056	056	056	056	056	056	056	056	056	056	056	056	056	056	056	056	056	056	056	056	056	056	056	056	056	056	056	056	056	056	056	053	053	056	056	056	056	056	056	056	056	056	056	056	056	056	056	056	056	056	056	056	056	056	056	053	053	056	056
056	056	056	056	056	056	056	056	056	056	056	056	056	056	053	053	056	056	056	056	056	056	056	056	056	056	053	053	056	056	056	056	056	056	056	056	056	056	056	056	056	056	056	056	056	056	056	056	056	056	056	056	056	056	056	056	056	056	056	056	056	056	053	053	056	056	056	056	056	056	056	056	056	056	056	056	056	056	056	056	056	056	056	056	056	056	053	053	056	056
056	056	056	056	056	056	053	053	053	053	053	053	053	053	053	053	053	053	053	053	053	053	053	053	056	056	053	053	056	056	056	056	056	056	056	056	056	056	056	056	056	056	056	056	056	056	056	056	056	056	056	056	056	056	056	056	056	056	056	056	056	056	053	053	056	056	053	053	053	053	053	053	053	053	053	053	053	053	053	053	053	053	053	053	053	053	053	053	056	056
056	056	056	056	056	056	053	053	053	053	053	053	053	053	053	053	053	053	053	053	053	053	053	053	056	056	053	053	056	056	056	056	056	056	056	056	056	056	056	056	056	056	056	056	053	056	056	056	056	056	056	056	056	056	056	056	056	056	056	056	056	056	053	053	056	056	053	053	053	053	053	053	053	053	053	053	053	053	053	053	053	053	053	053	053	053	053	053	056	056
056	056	056	056	056	056	053	053	053	053	053	053	053	053	053	053	053	053	053	053	053	053	053	053	056	056	053	053	056	056	056	056	056	056	056	056	056	056	056	056	056	056	056	056	056	056	056	056	056	056	056	056	056	056	056	056	056	056	056	056	056	056	053	053	056	056	053	053	053	053	053	053	053	053	053	053	053	053	053	053	053	053	053	053	056	056	056	056	056	056
056	056	056	056	056	056	053	053	053	053	053	053	053	053	053	053	053	053	053	053	053	053	053	053	056	056	053	053	056	056	056	056	056	056	056	056	056	056	056	056	056	056	056	056	056	056	056	056	056	056	056	056	056	056	056	056	056	056	056	056	056	056	053	053	056	056	053	053	053	053	053	053	053	053	053	053	053	053	053	053	053	053	053	053	056	056	056	056	056	056
056	056	056	056	056	056	053	053	053	053	053	053	053	053	053	053	053	053	053	053	053	053	053	053	053	053	053	053	056	056	056	056	056	056	053	053	053	053	053	053	053	053	053	053	053	053	053	053	053	053	053	053	053	053	053	053	053	053	053	053	056	056	053	053	056	056	053	053	053	053	053	053	053	053	053	053	053	053	053	053	053	053	053	053	056	056	056	056	056	056
056	056	056	056	056	056	053	053	053	053	053	053	053	053	053	053	053	053	053	053	053	053	053	053	053	053	053	053	056	056	056	056	056	056	053	053	053	053	053	053	053	053	053	053	053	053	053	053	053	053	053	053	053	053	053	053	053	053	053	053	056	056	053	053	056	056	053	053	053	053	053	053	053	053	053	053	053	053	053	053	053	053	053	053	056	053	056	056	056	056
056	056	056	056	056	056	053	053	053	053	053	053	053	053	053	053	053	053	053	053	053	053	053	053	056	056	056	056	056	056	056	056	056	056	056 056	056	056	053	053	056	056	056	056	056	056	056	056	056	056	056	056	056	056	056	056	056	056	053	053	056	056	053	053	056	056	053	053	053	053	053	053	053	053	053	053	053	053	053	053	053	053	053	053	056	056	056	056	056	056
056	056	056	056	056	056	053	053	053	053	053	053	053	053	053	053	053	053	053	053	053	053	053	053	056	056	056	056	056	056	056	056	056	056	056 056	056	056	053	053	056	056	056	056	056	056	056	056	056	056	056	056	056	056	056	056	056	056	053	053	056	056	053	053	056	056	053	053	053	053	053	053	053	053	053	053	053	053	053	053	053	053	053	053	056	056	056	056	056	056
056	056	056	056	056	056	053	053	053	053	053	053	053	053	053	053	053	053	053	053	053	053	053	053	056	056	053	053	053	053	053	053	053	053	053	053	053	053	053	053	053	053	053	053	056	056	053	053	053	053	053	053	053	053	053	053	053	053	053	053	053	053	053	053	056	056	053	053	053	053	053	053	053	053	053	053	053	053	053	053	053	053	053	053	056	056	056	056	056	056
056	056	056	056	056	056	053	053	053	053	053	053	053	053	053	053	053	053	053	053	053	053	053	053	056	056	053	053	053	053	053	053	053	053	053	053	053	053	053	053	053	053	053	053	056	056	053	053	053	053	053	053	053	053	053	053	053	053	053	053	053	053	053	053	056	056	053	053	053	053	053	053	053	053	053	053	053	053	053	053	053	053	053	053	056	056	056	056	056	056
056	056	056	056	056	056	053	053	053	053	053	053	053	053	053	053	053	053	053	053	053	053	053	053	056	056	053	053	053	053	053	053	053	053	053	053	053	053	053	053	053	053	053	053	056	056	053	053	053	053	053	053	053	053	053	053	053	053	053	053	053	053	053	053	056	056	053	053	053	053	053	053	053	053	053	053	053	053	053	053	053	053	053	053	056	056	056	056	056	056
056	056	056	056	056	056	053	053	053	053	053	053	053	053	053	053	053	053	053	053	053	053	053	053	056	056	053	053	053	053	053	053	053	053	053	053	053	053	053	053	053	053	053	053	056	056	053	053	053	053	053	053	053	053	053	053	053	053	053	053	053	053	053	053	056	056	053	053	053	053	053	053	053	053	053	053	053	053	053	053	053	053	053	053	056	056	056	056	056	056
056	056	056	056	056	056	053	053	053	053	053	053	053	053	053	053	053	053	053	053	053	053	053	053	056	056	053	053	053	053	053	053	053	053	053	053	053	053	053	053	053	053	053	053	056	056	053	053	053	053	053	053	053	053	053	053	053	053	053	053	053	053	053	053	056	056	053	053	053	053	053	053	053	053	053	053	053	053	053	053	053	053	053	053	053	053	053	053	056	056
056	056	056	056	056	056	053	053	053	053	053	053	053	053	053	053	053	053	053	053	053	053	053	053	056	056	053	053	053	053	053	053	053	053	053	053	053	053	053	053	053	053	053	053	056	056	053	053	053	053	053	053	053	053	053	053	053	053	053	053	053	053	053	053	056	056	053	053	053	053	053	053	053	053	053	053	053	053	053	053	053	053	053	053	053	053	053	053	056	056
056	056	056	056	056	056	053	053	053	053	053	053	053	053	053	053	053	053	053	053	053	053	053	053	056	056	053	053	053	053	053	053	053	053	053	053	053	053	053	053	053	053	053	053	056	056	053	053	053	053	053	053	053	053	053	053	053	053	053	053	053	053	053	053	056	056	053	053	053	053	053	053	053	053	053	053	053	053	053	053	053	053	053	053	056	056	053	053	056	056
056	056	056	056	056	056	053	053	053	053	053	053	053	053	053	053	053	053	053	053	053	053	053	053	056	056	053	053	053	053	053	053	053	053	053	053	053	053	053	053	053	053	053	053	056	056	053	053	053	053	053	053	053	053	053	053	053	053	053	053	053	053	053	053	056	056	053	053	053	053	053	053	053	053	053	053	053	053	053	053	053	053	053	053	056	056	053	053	056	056
056	056	056	056	056	056	053	053	053	053	053	053	053	053	053	053	053	053	053	053	053	053	053	053	056	056	053	053	053	053	053	053	053	053	053	053	053	053	053	053	053	053	053	053	056	056	053	053	053	053	053	053	053	053	053	053	053	053	053	053	053	053	053	053	056	056	053	053	053	053	053	053	053	053	053	053	053	053	053	053	053	053	053	053	056 056	053	053	056	056
056	056	056	056	056	056	053	053	053	053	053	053	053	053	053	053	053	053	053	053	053	053	053	053	056	056	053	053	053	053	053	053	053	053	053	053	053	053	053	053	053	053	053	053	056	056	053	053	053	053	053	053	053	053	053	053	053	053	053	053	053	053	053	053	056	056	053	053	053	053	053	053	053	053	053	053	053	053	053	053	053	053	053	053	056	056	053	053	056	056
056	056	056	056	056	056	056	056	056	056	056	056	056	056	053	053	056	056	056	056	056	056	056 056	056	056	053	053	053	053	053	053	053	053	053	053	053	053	053	053	053	053	053	053	056	056	053	053	053	053	053	053	053	053	053	053	053	053	053	053	053	053	053	053	056	056	056	056	056	056	056	056	056	056	056	056	056	056	056	056	056	056	056	056	056	056	056	056	056	056
056	056	056	056	056	056	056	056	056	056	056	056	056	056	053	053	056	056	056	056	056	056	053	053	056	056	053	053	053	053	053	053	053	053	053	053	053	053	053	053	053	053	053	053	056	056	053	053	053	053	053	053	053	053	053	053	053	053	053	053	053	053	053	053	056	056	056	056	056	056	056	056	056	056	056	056	056	056	056	056	056	056	056	056	056	056	056	056	056	056
056	056	056	056	056	056	056	056	056	056	056	056	056	056	053	053	056	056	056	056	056	056	053	053	053	053	053	053	053	053	053	053	053	053	053	053	053	053	053	053	053	053	053	053	056	056	053	053	053	053	053	053	053	053	053	053	053	053	053	053	053	053	053	053	056	056	056	056	056	056	056	056	053	056	056	056	056	056	056	056	056	056	056	056	056	056	056	056	056	056
056	056	056	056	056	056	056	056	056	056	056	056	056	056	053	053	056	056	056	056	056	056	053	053	053	053	053	053	053	053	053	053	053	053	053	053	053	053	053	053	053	053	053	053	056	056	053	053	053	053	053	053	053	053	053	053	053	053	053	053	053	053	053	053	056	056	056	056	056	056	056	056	056	056	056	056	056	056	056	056	056	056	056	056	056	056	056	056	056	056
056	056	056	056	056	056	056	056	056	056	056	056	056	056	053	053	056	056	056	056	056	056	056	056	056	056	053	053	053	053	053	053	053	053	053	053	053	053	053	053	053	053	053	053	056	056	053	053	053	053	053	053	053	053	053	053	053	053	053	053	053	053	053	053	056	056	056	056	056	056	056	056	056	056	056	056	056	056	056	056	056	056	056	056	056	056	056	056	056	056
056	056	056	056	056	056	056	056	056	056	056	056	056	056	053	053	056	056	056	056	056	056	056	056	056	056	053	053	053	053	053	053	053	053	053	053	053	053	053	053	053	053	053	053	056	056	053	053	053	053	053	053	053	053	053	053	053	053	053	053	053	053	053	053	056	056	056	056	056	056	056	056	056	056	056	056	056	056	056	056	056	056	056	056	056	056	056	056	056	056
056	056	056	056	056	056	056	056	056	056	056	056	056	056	053	053	053	053	053	053	053	053	053	053	053	053	053	053	053	053	053	053	053	053	053	053	053	053	053	053	053	053	053	053	056	056	053	053	053	053	053	053	053	053	053	053	053	053	053	053	053	053	053	053	056	056	056	056	056	056	056	056	056	056	056	056	056	056	056	056	056	056	056	056	056	056	056	056	056	056
056	056	056	056	056	056	056	056	056	056	056	056	056	056	053	053	053	053	053	053	053	053	053	053	053	053	053	053	053	053	053	053	053	053	053	053	053	053	053	053	053	053	053	053	056	056	053	053	053	053	053	053	053	053	053	053	053	053	053	053	053	053	053	053	056	056	056	056	056	056	056	056	056	056	056	056	056	056	056	056	056	056	056	056	056	056	056	056	056	056
056	056	056	056	056	056	056	056	056	056	056	056	056	056	056	056	056	056	056	056	056	056	056	056	056	056	053	053	053	053	053	053	053	053	053	053	053	053	053	053	053	053	053	053	056	056	053	053	053	053	053	053	053	053	053	053	053	053	053	053	053	053	053	053	056	056	056	056	056	056	056	056	056	056	056	056	056	056	056	056	056	056	056	056	056	056	056	056	056	056
056	056	056	056	056	056	056	056	056	056	056	056	056	056	056	056	056	056	056	056	056	056	056	056	056	056	053	053	053	053	053	053	053	053	053	053	053	053	053	053	053	053	053	053	056	056	053	053	053	053	053	053	053	053	053	053	053	053	053	053	053	053	053	053	056	056	056	056	056	056	056	056	056	056	056	056	056	056	056	056	056	056	056	056	056	056	056	056	056	056
056	056	056	056	056	056	056	056	056	056	056	056	056	056	056	056	056	056	056	056	056	056	056	056	056	056	053	053	053	053	053	053	053	053	053	053	053	053	053	053	053	053	053	053	056	056	053	053	053	053	053	053	053	053	053	053	053	053	053	053	053	053	053	053	056	056	056	056	056	056	056	056	056	056	056	056	056	056	056	056	056	056	056	056	056	056	056	056	056	056
056	056	056	056	056	056	056	056	056	056	056	056	056	056	056	056	056	056	056	056	056	056	056	056	056	056	053	053	053	053	053	053	053	053	053	053	053	053	053	053	053	053	053	053	056	056	053	053	053	053	053	053	053	053	053	053	053	053	053	053	053	053	053	053	056	056	056	056	056	056	056	056	056	056	056	056	056	056	056	056	056	056	056	056	056	056	056	056	056	056
056	056	056	056	056	056	056	056	056	056	056	056	056	056	056	056	056	056	056	056	056	056	056	056	056	056	056	056	056	056	056	056	056	056	056	056	056	056	056	056	056	056	056	056	056	056	056	056	056	056	056	056	056	056	056	056	056	056	056	056	056	056	056	056	056	056	056	056	056	056	056	056	056	056	056	056	056	056	056	056	056	056	056	056	056	056	056	056	056	056
056	056	056	056	056	056	056	056	056	056	056	056	056	056	056	056	056	056	056	056	056	056	056	056	056	056	056	056	056	056	056	056	056	056	056	056	056	056	056	056	056	056	056	056	056	056	056	056	056	056	056	056	056	056	056	056	056	056	056	056	056	056	056	056	056	056	056	056	056	056	056	056	056	056	056	056	056	056	056	056	056	056	056	056	056	056	056	056	056	056
